berlin52.tsp
52
565 575 25 185 345 750 945 685 845 655 880 660 25 230 525 1000 580 1175 650 1130 1605 620 1220 580 1465 200 1530 5 845 680 725 370 145 665 415 635 510 875 560 365 300 465 520 585 480 415 835 625 975 580 1215 245 1320 315 1250 400 660 180 410 250 420 555 575 665 1150 1160 700 580 685 595 685 610 770 610 795 645 720 635 760 650 475 960 95 260 875 920 700 500 555 815 830 485 1170 65 830 610 605 625 595 360 1340 725 1740 245 
34 48 31 44 42 32 9 8 7 40 18 2 17 30 16 6 1 41 20 22 29 28 49 19 21 0 43 15 45 33 36 47 23 5 24 27 25 46 26 12 13 51 10 50 11 3 14 4 37 39 38 35 34 
bier127.tsp
127
9860 14152 9396 14616 11252 14848 11020 13456 9512 15776 10788 13804 10208 14384 11600 13456 11252 14036 10672 15080 11136 14152 9860 13108 10092 14964 9512 13340 10556 13688 9628 14036 10904 13108 11368 12644 11252 13340 10672 13340 11020 13108 11020 13340 11136 13572 11020 13688 8468 11136 8932 12064 9512 12412 7772 11020 8352 10672 9164 12876 9744 12528 8352 10324 8236 11020 8468 12876 8700 14036 8932 13688 9048 13804 8468 12296 8352 12644 8236 13572 9164 13340 8004 12760 8584 13108 7772 14732 7540 15080 7424 17516 8352 17052 7540 16820 7888 17168 9744 15196 9164 14964 9744 16240 7888 16936 8236 15428 9512 17400 9164 16008 8700 15312 11716 16008 12992 14964 12412 14964 12296 15312 12528 15196 15312 6612 11716 16124 11600 19720 10324 17516 12412 13340 12876 12180 13688 10904 13688 11716 13688 12528 11484 13224 12296 12760 12064 12528 12644 10556 11832 11252 11368 12296 11136 11020 10556 11948 10324 11716 11484 9512 11484 7540 11020 7424 11484 9744 16936 12180 17052 12064 16936 11832 17052 11600 13804 18792 12064 14964 12180 15544 14152 18908 5104 14616 6496 17168 5684 13224 15660 10788 5336 10324 812 6264 14384 20184 11252 15776 9744 3132 10904 3480 7308 14848 16472 16472 10440 14036 10672 13804 1160 18560 10788 13572 15660 11368 15544 12760 5336 18908 6264 19140 11832 17516 10672 14152 10208 15196 12180 14848 11020 10208 7656 17052 16240 8352 10440 14732 9164 15544 8004 11020 5684 11948 9512 16472 13688 17516 11484 8468 3248 14152 
3 19 107 14 11 30 26 29 13 40 42 33 38 25 24 32 28 31 121 27 37 41 39 34 35 36 15 0 1 50 56 43 102 94 122 96 97 126 92 44 53 120 55 47 93 106 110 111 45 117 52 48 46 54 65 123 51 4 49 12 114 9 99 63 57 112 64 98 88 91 103 124 90 60 61 58 59 115 89 2 119 6 104 113 105 5 10 8 23 22 18 7 71 66 70 69 108 109 84 85 86 87 95 68 67 72 73 17 76 75 74 118 62 101 100 81 82 125 80 83 116 77 79 78 20 16 21 3 
ch130.tsp
130
334.591 161.781 397.645 262.817 503.874 172.874 444.048 384.649 311.614 2.00917 662.855 549.23 40.0979 187.238 526.894 215.708 209.189 691.026 683.267 414.21 280.749 5.92064 252.749 535.743 698.785 348.441 678.757 410.726 220.004 409.123 355.153 76.3912 296.972 313.131 504.515 240.887 224.108 358.487 470.68 309.626 554.253 279.424 567.633 352.716 599.053 361.095 240.523 430.604 32.0826 345.855 91.0539 148.721 248.218 343.953 488.891 3.61223 206.047 437.764 575.841 141.967 282.609 329.418 27.6581 424.768 568.574 287.098 269.464 295.946 417.8 341.26 32.1681 448.9 561.478 357.354 342.948 492.332 399.675 156.844 571.737 375.758 370.756 151.906 509.709 435.798 177.021 295.604 526.167 409.486 316.573 65.64 469.291 281.989 572.763 373.321 29.5177 330.038 454.008 537.218 416.155 227.613 535.251 471.065 265.446 684.999 478.054 509.645 370.478 332.539 598.348 446.869 201.152 649.026 193.693 680.232 448.579 532.793 603.285 134.401 543.01 481.517 214.575 43.646 426.35 61.7285 89.0447 277.116 84.492 31.8475 220.047 623.078 688.461 0.470231 687.286 373.535 75.4935 312.918 63.4171 23.7039 97.9363 211.091 399.526 170.822 456.317 597.194 319.886 626.84 295.925 664.629 288.487 667.728 268.395 52.901 140.471 513.557 689.808 167.595 280.578 458.753 453.388 282.908 213.57 525.868 133.695 677.176 521.166 132.862 30.2658 450.075 657.02 39.7773 6.92522 23.8749 252.429 535.166 42.8552 63.8232 145.9 399.526 638.489 62.6263 489.276 665.313 361.223 564.235 519.948 347.971 129.335 435.669 259.717 454.65 676.342 371.098 84.5134 183.326 77.7164 354.383 335.98 660.632 264.355 377.574 51.6827 676.043 692.138 543.801 169.219 547.819 194.013 263.479 415.193 78.9134 415.043 479.08 169.839 245.61 525.099 213.506 238.685 33.4933 116.211 363.574 16.9283 656.571 434.344 92.6997 40.5254 424.683 530.485 183.839 484.36 49.246 263.65 426.585 450.289 126.385 441.782 299.772 24.2169 500.347 503.789 514.69 635.539 200.981 614.592 418.869 21.7161 660.974 143.827 92.6997 637.719 54.2048 566.565 199.955 196.685 221.821 384.927 87.463 178.111 104.691 403.287 205.897 
39 95 12 66 9 13 121 54 101 5 59 50 119 90 71 48 57 52 41 43 92 19 45 79 117 3 34 53 105 37 78 94 115 23 86 11 91 72 98 73 74 51 8 56 81 100 122 110 55 64 80 102 76 118 35 83 31 112 93 88 28 14 99 18 26 30 33 16 1 49 129 70 38 40 0 75 128 126 103 42 106 69 62 67 109 97 24 47 6 96 25 87 85 68 63 123 60 108 10 4 44 15 127 104 61 27 114 111 116 2 82 29 58 89 124 84 65 77 120 125 113 107 7 17 20 32 36 21 22 46 39 
ch150.tsp
150
37.4394 541.209 612.176 494.317 38.1312 353.148 53.4418 131.485 143.061 631.72 689.945 468.535 112.748 529.418 141.488 504.818 661.051 445.938 98.7899 384.593 697.388 180.396 536.489 287.228 192.407 20.4394 282.787 229.8 240.825 281.514 246.928 322.461 649.731 62.3332 352.966 666.787 633.392 534.94 488.312 437.487 141.404 228.433 17.3633 240.241 397.559 231.359 565.785 282.386 475.898 468.539 322.422 550.317 397.559 74.7588 672.862 432.883 571.219 530.262 104.653 482.822 356.71 67.6477 400.407 253.679 282.304 426.838 58.7767 507.171 189.751 460.382 659.912 226.628 639.031 467.23 415.026 233.305 547.266 161.659 616.655 339.341 494.859 148.122 629.998 433.455 471.101 314.222 138.244 137.168 91.5848 110.02 390.697 423.977 565.162 429.16 54.5249 438.552 334.351 153.797 531.029 612.387 475.735 385.784 228.833 410.446 578.381 321.33 358.917 404.467 486.465 593.043 343.169 509.312 530.363 137.688 498.807 576.21 224.318 312.468 595.836 81.813 661.559 217.046 43.6892 305.472 79.4653 445.964 210.416 130.715 432.264 629.409 623.249 69.1893 436.519 282.936 59.4163 40.128 630.923 230.343 579.327 601.036 117.862 112.98 297.791 166.313 22.7643 455.534 259.71 10.62 342.358 599.388 10.0261 488.931 315.293 273.228 220.704 270.082 192.119 314.184 271.504 225.292 530.732 504.067 42.5331 656.365 396.127 539.465 118.663 508.713 395.691 699.538 559.016 560.887 22.6471 526.247 135.638 325.841 141.451 485.248 396.774 460.756 87.7495 19.617 350.425 420.653 216.701 466.482 130.924 351.149 72.633 645.785 144.6 457.422 212.373 594.922 49.9187 541.435 656.694 558.111 176.594 648.524 500.383 198.743 634.318 612.829 59.7537 551.632 15.2146 143.044 283.005 376.444 146.539 39.4232 101.869 635.099 588.197 580.595 457.263 350.016 537.466 472.584 269.367 367.476 239.905 102.63 88.4678 384.051 658.913 583.958 97.7359 157.456 506.619 233.002 500.257 64.9136 594.405 275.874 66.2308 24.1317 598.416 414.556 172.309 344.396 299.481 251.83 303.838 21.0526 197.897 512.389 56.02 243.066 255.557 448.865 608.426 222.542 70.2723 77.9227 398.23 119.558 635.497 133.323 378.348 272.291 484.803 677.073 278.871 299.931 381.654 360.334 557.607 595.319 249.059 76.6595 562.905 670.038 398.55 392.649 590.894 370.741 558.201 0.419881 461.411 530.525 354.724 685.405 193.661 669.743 352.314 140.327 308.435 115.205 299.588 530.589 334.275 152.149 690.966 134.579 48.0798 270.968 91.6468 166.354 
18 1 41 8 27 5 36 28 80 109 46 119 138 39 52 23 117 126 68 35 60 10 147 129 16 65 59 139 116 56 40 38 100 115 11 50 108 42 66 130 31 37 22 128 26 30 143 146 48 71 144 111 63 135 122 73 12 105 90 118 67 127 103 3 44 70 43 114 149 21 124 148 61 2 33 97 0 86 75 72 47 62 83 6 102 81 94 106 4 99 142 96 123 7 88 29 95 112 9 93 87 20 120 78 58 15 14 77 79 13 121 76 132 104 110 51 34 92 125 32 91 53 133 137 45 89 19 24 140 57 54 82 55 145 25 74 17 141 84 64 131 136 49 134 85 107 69 101 113 98 18 
d198.tsp
198
0 0 551.2 996.4 627.4 996.4 703.6 996.4 703.6 1047.2 627.4 1047.2 551.2 1047.2 881.4 1352 932.2 1352 957.6 1352 983 1352 1008.4 1352 1033.8 1352 1313.2 1123.4 1287.8 1098 1287.8 996.4 1313.2 996.4 1465.6 996.4 1516.4 996.4 1592.6 996.4 1592.6 1098 1516.4 1098 1465.6 1098 1567.2 1123.4 1592.6 1148.8 1567.2 1174.2 1541.8 1174.2 1491 1174.2 1440.2 1174.2 1465.6 1199.6 1414.8 1225 1440.2 1225 1491 1225 1516.4 1225 1592.6 1250.4 1465.6 1250.4 1440.2 1250.4 1389.4 1250.4 1541.8 1275.8 1160.8 1123.4 1160.8 1225 1262.4 1301.2 1287.8 1301.2 1338.6 1301.2 1414.8 1301.2 1491 1301.2 1541.8 1301.2 1643.4 1301.2 1668.8 1326.6 1618 1326.6 1567.2 1326.6 1516.4 1326.6 1465.6 1326.6 1414.8 1326.6 1338.6 1326.6 1313.2 1326.6 1237 1326.6 1237 1352 1313.2 1352 1338.6 1352 1414.8 1352 1465.6 1352 1694.2 1352 1618 1377.4 1516.4 1377.4 1414.8 1377.4 1338.6 1377.4 1313.2 1377.4 1237 1377.4 1357.7 1390.1 1237 1402.8 1313.2 1402.8 1338.6 1402.8 1414.8 1402.8 1465.6 1402.8 1567.2 1402.8 1592.6 1402.8 1618 1402.8 1694.2 1428.2 1668.8 1428.2 1541.8 1428.2 1440.2 1428.2 1414.8 1428.2 1338.6 1428.2 1262.4 1428.2 1237 1453.6 1338.6 1453.6 1414.8 1453.6 1465.6 1453.6 1491 1453.6 1668.8 1453.6 1694.2 1453.6 1618 1479 1592.6 1479 1567.2 1479 1516.4 1479 1440.2 1479 1414.8 1479 1338.6 1479 1262.4 1479 1592.6 1504.4 1618 1504.4 1668.8 1529.8 1694.2 1529.8 1745 1529.8 1821.2 1529.8 1846.6 1529.8 1948.2 1529.8 1922.8 1555.2 1897.4 1555.2 1872 1555.2 1821.2 1555.2 1795.8 1555.2 1770.4 1555.2 1770.4 1656.8 1795.8 1656.8 1821.2 1656.8 1872 1656.8 1897.4 1656.8 1922.8 1656.8 1808.5 1694.9 1757.7 1694.9 1884.7 1733 1999 1733 2075.2 1733 2113.3 1733 2176.8 1733 2236.5 1733 2176.8 1783.8 2126 1783.8 2100.6 1783.8 2100.6 1809.2 2126 1809.2 2100.6 1834.6 2126 1834.6 2151.4 1834.6 2236.5 1847.3 1999 1847.3 1884.7 1847.3 2100.6 1860 2126 1860 2100.6 1885.4 2126 1885.4 2176.8 1885.4 2151.4 1910.8 2126 1910.8 2100.6 1910.8 2100.6 1936.2 2126 1936.2 2176.8 1936.2 2227.6 1936.2 2126 1961.6 2100.6 1961.6 1795.8 1987 1821.2 1987 1846.6 1987 1872 1987 1897.4 1987 1948.2 1987 2056.2 1987 2100.6 1987 2126 1987 2253 1987 2303.8 1987 2380 1987 2405.4 1987 2024.4 1402.8 2151.4 1402.8 2075.2 1707.6 2176.8 1707.6 2350.8 1733 2350.8 1847.3 3652.1 1010.3 3725.7 1010.3 3725.7 1086.5 3652.1 1086.5 3726.2 1148.8 3802.4 1148.8 3853.2 1148.8 3802.4 1174.2 3700.8 1174.2 3605.6 1199.6 3700.8 1199.6 3802.4 1199.6 3853.2 1199.6 4028.3 1310.3 3952.1 1310.3 3728.3 1310.3 3652.1 1310.3 3652.1 1386.5 3728.3 1386.5 3952.1 1386.5 4028.3 1386.5 3853.2 1123.4 3952.1 1086.5 4028.3 1086.5 4028.3 1010.3 3952.1 1010.3 
22 27 28 30 31 29 36 37 44 53 60 65 43 54 59 66 67 58 55 42 41 13 14 16 15 39 40 4 3 5 2 0 1 6 7 8 9 10 11 12 56 57 68 70 85 99 84 71 98 86 83 72 69 73 81 82 87 97 96 88 95 89 74 64 61 52 45 35 32 33 26 25 24 34 38 46 51 50 49 63 75 80 94 100 101 92 93 76 77 79 90 78 91 102 103 104 113 112 111 105 106 110 109 108 107 119 118 117 116 115 114 121 120 122 138 153 154 155 156 157 158 123 168 124 125 129 130 131 133 137 139 141 146 147 152 159 160 161 151 148 149 162 163 150 136 143 144 145 142 140 134 132 135 128 126 169 127 170 171 164 165 181 189 188 190 187 183 179 177 184 185 192 191 186 178 193 194 195 196 197 176 182 180 174 173 172 175 167 166 62 48 47 23 20 19 18 17 21 22 
eil101.tsp
101
41 49 35 17 55 45 55 20 15 30 25 30 20 50 10 43 55 60 30 60 20 65 50 35 30 25 15 10 30 5 10 20 5 30 20 40 15 60 45 65 45 20 45 10 55 5 65 35 65 20 45 30 35 40 41 37 64 42 40 60 31 52 35 69 53 52 65 55 63 65 2 60 20 20 5 5 60 12 40 25 42 7 24 12 23 3 11 14 6 38 2 48 8 56 13 52 6 68 47 47 49 58 27 43 37 31 57 29 63 23 53 12 32 12 36 26 21 24 17 34 12 24 24 58 27 69 15 77 62 77 49 73 67 5 56 39 37 47 37 56 57 68 47 16 44 17 46 13 49 11 49 42 53 43 61 52 57 48 56 37 55 54 15 47 14 37 11 31 16 22 4 18 28 18 26 52 26 35 31 67 15 19 22 22 18 24 26 27 25 24 22 27 25 21 19 21 20 26 18 18 35 35 
36 99 90 13 43 37 85 15 60 84 92 91 96 86 41 42 14 56 1 40 21 73 74 55 22 66 38 3 71 72 20 39 57 52 25 11 53 54 24 23 28 79 67 2 76 75 27 49 0 32 80 78 77 33 8 34 70 64 65 50 19 29 31 62 89 9 69 30 68 26 100 12 94 93 5 88 51 17 7 81 6 87 61 10 63 48 35 18 47 46 45 44 16 83 82 59 4 95 98 58 97 36 
kroA100.tsp
100
1380 939 2848 96 3510 1671 457 334 3888 666 984 965 2721 1482 1286 525 2716 1432 738 1325 1251 1832 2728 1698 3815 169 3683 1533 1247 1945 123 862 1234 1946 252 1240 611 673 2576 1676 928 1700 53 857 1807 1711 274 1420 2574 946 178 24 2678 1825 1795 962 3384 1498 3520 1079 1256 61 1424 1728 3913 192 3085 1528 2573 1969 463 1670 3875 598 298 1513 3479 821 2542 236 3955 1743 1323 280 3447 1830 2936 337 1621 1830 3373 1646 1393 1368 3874 1318 938 955 3022 474 2482 1183 3854 923 376 825 2519 135 2945 1622 953 268 2628 1479 2097 981 890 1846 2139 1806 2421 1007 2290 1810 1115 1052 2588 302 327 265 241 341 1917 687 2991 792 2573 599 19 674 3911 1673 872 1559 2863 558 929 1766 839 620 3893 102 2178 1619 3822 899 378 1048 1178 100 2599 901 3416 143 2961 1605 611 1384 3113 885 2597 1830 2586 1286 161 906 1429 134 742 1025 1625 1651 1187 706 1787 1009 22 987 3640 43 3756 882 776 392 1724 1642 198 1810 3950 1558 
15 3 64 25 65 69 21 93 17 23 37 98 35 58 73 16 14 90 97 59 61 76 22 44 31 10 20 71 83 9 89 62 46 0 92 27 57 60 80 24 50 86 56 8 6 19 85 34 26 11 54 82 33 42 45 28 2 13 70 40 99 47 51 77 4 36 32 75 12 94 81 95 29 38 84 67 49 72 43 1 53 39 63 68 66 91 7 41 88 30 79 55 96 5 48 74 18 78 52 87 15 
kroA150.tsp
150
1380 939 2848 96 3510 1671 457 334 3888 666 984 965 2721 1482 1286 525 2716 1432 738 1325 1251 1832 2728 1698 3815 169 3683 1533 1247 1945 123 862 1234 1946 252 1240 611 673 2576 1676 928 1700 53 857 1807 1711 274 1420 2574 946 178 24 2678 1825 1795 962 3384 1498 3520 1079 1256 61 1424 1728 3913 192 3085 1528 2573 1969 463 1670 3875 598 298 1513 3479 821 2542 236 3955 1743 1323 280 3447 1830 2936 337 1621 1830 3373 1646 1393 1368 3874 1318 938 955 3022 474 2482 1183 3854 923 376 825 2519 135 2945 1622 953 268 2628 1479 2097 981 890 1846 2139 1806 2421 1007 2290 1810 1115 1052 2588 302 327 265 241 341 1917 687 2991 792 2573 599 19 674 3911 1673 872 1559 2863 558 929 1766 839 620 3893 102 2178 1619 3822 899 378 1048 1178 100 2599 901 3416 143 2961 1605 611 1384 3113 885 2597 1830 2586 1286 161 906 1429 134 742 1025 1625 1651 1187 706 1787 1009 22 987 3640 43 3756 882 776 392 1724 1642 198 1810 3950 1558 3477 949 91 1732 3972 329 198 1632 1806 733 538 1023 3430 1088 2186 766 1513 1646 2143 1611 53 1657 3404 1307 1034 1344 2823 376 3104 1931 3232 324 2790 1457 374 9 741 146 3083 1938 3502 1067 1280 237 3326 1846 217 38 2503 1172 3527 41 739 1850 3548 1999 48 154 1419 872 1689 1223 3468 1404 1628 253 382 872 3029 1242 3646 1758 285 1029 1782 93 1067 371 2849 1214 920 1835 1741 712 876 220 2753 283 2609 1286 3941 258 3613 523 1754 559 2916 1724 2445 1820 
33 134 139 82 148 45 28 131 111 106 100 38 146 115 81 125 94 12 75 32 145 102 36 4 77 51 95 120 29 13 47 99 70 40 135 2 42 127 122 114 119 26 34 85 149 61 59 44 14 16 58 73 20 71 10 31 140 126 35 98 101 110 103 37 23 17 83 9 105 78 136 133 52 87 15 93 21 69 65 128 25 123 117 64 3 118 142 96 18 89 48 5 62 112 46 108 90 97 22 109 76 19 11 56 50 124 60 57 130 92 27 104 141 147 129 0 91 74 7 41 121 138 55 79 30 88 132 137 66 107 68 63 39 53 1 143 113 72 43 49 67 84 80 24 86 144 8 6 116 54 33 
kroA200.tsp
200
1357 1905 2650 802 1774 107 1307 964 3806 746 2687 1353 43 1957 3092 1668 185 1542 834 629 40 462 1183 1391 2048 1628 1097 643 1838 1732 234 1118 3314 1881 737 1285 779 777 2312 1949 2576 189 3078 1541 2781 478 705 1812 3409 1917 323 1714 1660 1556 3729 1188 693 1383 2361 640 2433 1538 554 1825 913 317 3586 1909 2636 727 1000 457 482 1337 3704 1082 3635 1174 1362 1526 2049 417 2552 1909 3939 640 219 898 812 351 901 1552 2513 1572 242 584 826 1226 3278 799 86 1065 14 454 1327 1893 2773 1286 2469 1838 3835 963 1031 428 3853 1712 1868 197 1544 863 457 1607 3174 1064 192 1004 2318 1925 2232 1374 396 828 2365 1649 2499 658 1410 307 2990 214 3646 1018 3394 1028 1779 90 1058 372 2933 1459 3099 173 2178 978 138 1610 2082 1753 2302 1127 805 272 22 1617 3213 1085 99 536 1533 1780 3564 676 29 6 3808 1375 2221 291 3499 1885 3124 408 781 671 1027 1041 3249 378 3297 491 213 220 721 186 3736 1542 868 731 960 303 1380 939 2848 96 3510 1671 457 334 3888 666 984 965 2721 1482 1286 525 2716 1432 738 1325 1251 1832 2728 1698 3815 169 3683 1533 1247 1945 123 862 1234 1946 252 1240 611 673 2576 1676 928 1700 53 857 1807 1711 274 1420 2574 946 178 24 2678 1825 1795 962 3384 1498 3520 1079 1256 61 1424 1728 3913 192 3085 1528 2573 1969 463 1670 3875 598 298 1513 3479 821 2542 236 3955 1743 1323 280 3447 1830 2936 337 1621 1830 3373 1646 1393 1368 3874 1318 938 955 3022 474 2482 1183 3854 923 376 825 2519 135 2945 1622 953 268 2628 1479 2097 981 890 1846 2139 1806 2421 1007 2290 1810 1115 1052 2588 302 327 265 241 341 1917 687 2991 792 2573 599 19 674 3911 1673 872 1559 2863 558 929 1766 839 620 3893 102 2178 1619 3822 899 378 1048 1178 100 2599 901 3416 143 2961 1605 611 1384 3113 885 2597 1830 2586 1286 161 906 1429 134 742 1025 1625 1651 1187 706 1787 1009 22 987 3640 43 3756 882 776 392 1724 1642 198 1810 3950 1558 
18 148 105 92 162 3 100 59 127 192 157 76 160 150 186 156 106 108 5 53 124 180 1 34 67 29 168 22 172 167 184 149 94 93 90 143 69 75 101 163 139 20 153 88 40 58 72 2 166 79 64 176 66 30 46 119 111 154 182 7 145 142 16 24 89 33 102 113 97 57 140 170 199 87 147 27 38 55 151 177 37 70 195 4 104 42 136 132 175 112 194 181 85 138 49 129 71 82 61 128 133 21 74 126 185 41 134 54 19 63 161 159 78 12 14 122 197 144 84 0 52 114 116 110 131 190 26 39 146 11 48 17 109 171 45 120 173 158 23 31 135 60 25 198 6 81 77 8 137 123 117 50 193 62 15 178 36 183 28 189 65 152 43 187 115 121 169 47 83 10 51 165 95 86 125 164 103 118 98 91 196 44 96 80 32 155 99 56 35 73 179 130 188 141 68 107 191 13 174 9 18 
kroB100.tsp
100
3140 1401 556 1056 3675 1522 1182 1853 3595 111 962 1895 2030 1186 3507 1851 2642 1269 3438 901 3858 1472 2937 1568 376 1018 839 1355 706 1925 749 920 298 615 694 552 387 190 2801 695 3133 1143 1517 266 1538 224 844 520 2639 1239 3123 217 2489 1520 3834 1827 3417 1808 2938 543 71 1323 3245 1828 731 1741 2312 1270 2426 1851 380 478 2310 635 2830 775 3829 513 3684 445 171 514 627 1261 1490 1123 61 81 422 542 2698 1221 2372 127 177 1390 3084 748 1213 910 3 1817 1782 995 3896 742 1829 812 1286 550 3017 108 2132 1432 2000 1110 3317 1966 1729 1498 2408 1747 3292 152 193 1210 782 1462 2503 352 1697 1924 3821 147 3370 791 3162 367 3938 516 2741 1583 2330 741 3918 1088 1794 1589 2929 485 3453 1998 896 705 399 850 2614 195 2800 653 2630 20 563 1513 1090 1652 2009 1163 3876 1165 3084 774 1526 1612 1612 328 1423 1322 3058 1276 3782 1865 347 252 3904 1444 2191 1579 3220 1454 468 319 3611 1968 3114 1629 3515 1892 3060 155 
23 76 17 15 49 54 21 22 87 53 36 71 33 8 24 45 37 19 79 29 74 64 46 78 80 55 99 25 61 4 66 69 52 38 39 68 48 85 67 9 20 89 0 94 2 84 72 92 10 27 90 96 98 28 7 75 58 31 97 11 70 26 60 34 93 56 6 83 57 51 42 88 59 73 65 86 3 5 82 13 63 41 81 32 14 50 47 30 62 12 1 77 44 35 16 40 43 91 95 18 23 
kroB150.tsp
150
1357 1905 2650 802 1774 107 1307 964 3806 746 2687 1353 43 1957 3092 1668 185 1542 834 629 40 462 1183 1391 2048 1628 1097 643 1838 1732 234 1118 3314 1881 737 1285 779 777 2312 1949 2576 189 3078 1541 2781 478 705 1812 3409 1917 323 1714 1660 1556 3729 1188 693 1383 2361 640 2433 1538 554 1825 913 317 3586 1909 2636 727 1000 457 482 1337 3704 1082 3635 1174 1362 1526 2049 417 2552 1909 3939 640 219 898 812 351 901 1552 2513 1572 242 584 826 1226 3278 799 86 1065 14 454 1327 1893 2773 1286 2469 1838 3835 963 1031 428 3853 1712 1868 197 1544 863 457 1607 3174 1064 192 1004 2318 1925 2232 1374 396 828 2365 1649 2499 658 1410 307 2990 214 3646 1018 3394 1028 1779 90 1058 372 2933 1459 3099 173 2178 978 138 1610 2082 1753 2302 1127 805 272 22 1617 3213 1085 99 536 1533 1780 3564 676 29 6 3808 1375 2221 291 3499 1885 3124 408 781 671 1027 1041 3249 378 3297 491 213 220 721 186 3736 1542 868 731 960 303 3825 1101 2779 435 201 693 2502 1274 765 833 3105 1823 1937 1400 3364 1498 3702 1624 2164 1874 3019 189 3098 1594 3239 1376 3359 1693 2081 1011 1398 1100 618 1953 1878 59 3803 886 397 1217 3035 152 2502 146 3230 380 3479 1023 958 1670 3423 1241 78 1066 96 691 3431 78 2053 1461 3048 1 571 1711 3393 782 2835 1472 144 1185 923 108 989 1997 3061 1211 2977 39 1668 658 878 715 678 1599 1086 868 640 110 3551 1673 106 1267 2243 1332 3796 1401 2643 1320 48 267 
9 13 139 40 88 58 117 72 2 68 35 56 73 99 32 135 80 96 143 86 149 51 10 83 127 102 47 95 44 91 18 104 65 43 62 50 126 145 134 15 119 36 8 77 81 6 25 60 131 31 116 23 141 45 124 136 52 0 84 14 78 12 64 146 66 109 63 19 41 54 46 30 103 148 5 133 111 7 105 16 24 89 33 113 144 108 57 97 147 87 27 100 55 118 42 4 85 37 70 38 123 71 49 90 75 130 138 120 110 69 128 122 93 94 132 61 82 137 125 112 107 21 74 53 1 34 22 101 20 121 67 29 79 76 114 129 106 26 39 11 28 17 48 92 3 115 59 142 140 98 9 
kroB200.tsp
200
3140 1401 556 1056 3675 1522 1182 1853 3595 111 962 1895 2030 1186 3507 1851 2642 1269 3438 901 3858 1472 2937 1568 376 1018 839 1355 706 1925 749 920 298 615 694 552 387 190 2801 695 3133 1143 1517 266 1538 224 844 520 2639 1239 3123 217 2489 1520 3834 1827 3417 1808 2938 543 71 1323 3245 1828 731 1741 2312 1270 2426 1851 380 478 2310 635 2830 775 3829 513 3684 445 171 514 627 1261 1490 1123 61 81 422 542 2698 1221 2372 127 177 1390 3084 748 1213 910 3 1817 1782 995 3896 742 1829 812 1286 550 3017 108 2132 1432 2000 1110 3317 1966 1729 1498 2408 1747 3292 152 193 1210 782 1462 2503 352 1697 1924 3821 147 3370 791 3162 367 3938 516 2741 1583 2330 741 3918 1088 1794 1589 2929 485 3453 1998 896 705 399 850 2614 195 2800 653 2630 20 563 1513 1090 1652 2009 1163 3876 1165 3084 774 1526 1612 1612 328 1423 1322 3058 1276 3782 1865 347 252 3904 1444 2191 1579 3220 1454 468 319 3611 1968 3114 1629 3515 1892 3060 155 2995 264 202 233 981 848 1346 408 781 670 1009 1001 2927 1777 2982 949 555 1121 464 1302 3452 637 571 1982 2656 128 1623 1723 2067 694 1725 927 3600 459 1109 1196 366 339 778 1282 386 1616 3918 1217 3332 1049 2597 349 811 1295 241 1069 2658 360 394 1944 3786 1862 264 36 2050 1833 3538 125 1646 1817 2993 624 547 25 3373 1902 460 267 3060 781 1828 456 1021 962 2347 388 3535 1112 1529 581 1203 385 1787 1902 2740 1101 555 1753 47 363 3935 540 3062 329 387 199 2901 920 931 512 1766 692 401 980 149 1629 2214 1977 3805 1619 1179 969 1017 333 2834 1512 634 294 1819 814 1393 859 1768 1578 3023 871 3248 1906 1632 1742 2223 990 3868 697 1541 354 2374 1944 1962 389 3007 1524 3220 1945 2356 1568 1604 706 2028 1736 2581 121 2221 1578 2944 632 1082 1561 997 942 2334 523 1264 1090 1699 1294 235 1059 2592 248 3642 699 3599 514 1766 678 240 619 1272 246 3503 301 80 1533 1677 1238 3766 154 3946 459 1994 1852 278 165 
48 20 122 2 94 97 0 89 173 160 70 11 106 31 166 174 58 135 28 7 98 75 96 90 128 27 157 10 92 121 84 72 141 9 67 188 52 169 148 69 197 38 39 116 189 110 193 66 196 4 131 61 68 149 25 99 55 100 80 178 112 78 187 126 123 64 46 140 183 36 114 172 138 190 153 176 142 170 87 22 21 103 192 143 159 134 136 18 150 91 199 129 43 101 147 40 191 16 186 125 12 154 62 30 47 194 155 50 120 127 111 14 146 32 81 109 41 108 1 77 44 35 118 95 161 17 104 76 23 152 54 163 49 158 102 182 139 105 15 119 124 13 63 5 3 82 181 117 184 88 195 185 59 73 164 86 113 167 132 65 144 198 130 177 156 171 34 60 175 26 179 93 56 33 6 83 57 51 42 115 162 53 168 71 133 180 74 29 79 19 37 24 8 45 145 151 107 165 85 137 48 
kroC100.tsp
100
1357 1905 2650 802 1774 107 1307 964 3806 746 2687 1353 43 1957 3092 1668 185 1542 834 629 40 462 1183 1391 2048 1628 1097 643 1838 1732 234 1118 3314 1881 737 1285 779 777 2312 1949 2576 189 3078 1541 2781 478 705 1812 3409 1917 323 1714 1660 1556 3729 1188 693 1383 2361 640 2433 1538 554 1825 913 317 3586 1909 2636 727 1000 457 482 1337 3704 1082 3635 1174 1362 1526 2049 417 2552 1909 3939 640 219 898 812 351 901 1552 2513 1572 242 584 826 1226 3278 799 86 1065 14 454 1327 1893 2773 1286 2469 1838 3835 963 1031 428 3853 1712 1868 197 1544 863 457 1607 3174 1064 192 1004 2318 1925 2232 1374 396 828 2365 1649 2499 658 1410 307 2990 214 3646 1018 3394 1028 1779 90 1058 372 2933 1459 3099 173 2178 978 138 1610 2082 1753 2302 1127 805 272 22 1617 3213 1085 99 536 1533 1780 3564 676 29 6 3808 1375 2221 291 3499 1885 3124 408 781 671 1027 1041 3249 378 3297 491 213 220 721 186 3736 1542 868 731 960 303 
38 7 21 74 53 5 79 76 64 30 46 66 54 41 19 63 78 12 14 26 84 0 52 39 11 13 68 35 56 73 99 32 80 96 86 95 51 10 83 47 44 9 91 98 18 65 43 62 50 15 36 8 77 81 6 25 60 31 23 45 28 17 48 92 3 59 2 72 58 40 88 29 67 1 34 22 20 69 75 90 93 94 49 61 82 71 70 85 4 42 55 37 87 57 33 89 24 16 97 27 38 
kroD100.tsp
100
2995 264 202 233 981 848 1346 408 781 670 1009 1001 2927 1777 2982 949 555 1121 464 1302 3452 637 571 1982 2656 128 1623 1723 2067 694 1725 927 3600 459 1109 1196 366 339 778 1282 386 1616 3918 1217 3332 1049 2597 349 811 1295 241 1069 2658 360 394 1944 3786 1862 264 36 2050 1833 3538 125 1646 1817 2993 624 547 25 3373 1902 460 267 3060 781 1828 456 1021 962 2347 388 3535 1112 1529 581 1203 385 1787 1902 2740 1101 555 1753 47 363 3935 540 3062 329 387 199 2901 920 931 512 1766 692 401 980 149 1629 2214 1977 3805 1619 1179 969 1017 333 2834 1512 634 294 1819 814 1393 859 1768 1578 3023 871 3248 1906 1632 1742 2223 990 3868 697 1541 354 2374 1944 1962 389 3007 1524 3220 1945 2356 1568 1604 706 2028 1736 2581 121 2221 1578 2944 632 1082 1561 997 942 2334 523 1264 1090 1699 1294 235 1059 2592 248 3642 699 3599 514 1766 678 240 619 1272 246 3503 301 80 1533 1677 1238 3766 154 3946 459 1994 1852 278 165 
6 22 41 21 88 69 48 97 96 31 93 16 89 10 49 0 12 78 87 40 83 23 26 80 33 37 65 7 51 45 68 14 53 90 72 38 70 3 92 43 59 61 36 50 34 29 99 1 47 18 91 86 25 94 55 27 11 46 20 9 8 54 19 24 81 5 39 17 84 58 82 2 4 52 42 76 63 62 15 95 85 64 77 13 67 32 44 98 30 56 71 79 75 60 73 74 66 35 28 57 6 
kroE100.tsp
100
3477 949 91 1732 3972 329 198 1632 1806 733 538 1023 3430 1088 2186 766 1513 1646 2143 1611 53 1657 3404 1307 1034 1344 2823 376 3104 1931 3232 324 2790 1457 374 9 741 146 3083 1938 3502 1067 1280 237 3326 1846 217 38 2503 1172 3527 41 739 1850 3548 1999 48 154 1419 872 1689 1223 3468 1404 1628 253 382 872 3029 1242 3646 1758 285 1029 1782 93 1067 371 2849 1214 920 1835 1741 712 876 220 2753 283 2609 1286 3941 258 3613 523 1754 559 2916 1724 2445 1820 3825 1101 2779 435 201 693 2502 1274 765 833 3105 1823 1937 1400 3364 1498 3702 1624 2164 1874 3019 189 3098 1594 3239 1376 3359 1693 2081 1011 1398 1100 618 1953 1878 59 3803 886 397 1217 3035 152 2502 146 3230 380 3479 1023 958 1670 3423 1241 78 1066 96 691 3431 78 2053 1461 3048 1 571 1711 3393 782 2835 1472 144 1185 923 108 989 1997 3061 1211 2977 39 1668 658 878 715 678 1599 1086 868 640 110 3551 1673 106 1267 2243 1332 3796 1401 2643 1320 48 267 
15 7 67 37 32 21 85 18 93 17 23 28 99 77 76 36 84 95 10 1 3 69 5 33 52 54 92 90 42 38 47 4 41 89 29 65 12 74 26 66 81 91 40 86 8 30 64 56 79 9 59 49 96 24 53 44 98 16 83 39 34 87 62 61 48 55 19 14 22 63 27 35 58 97 94 57 31 11 75 6 20 73 0 82 50 68 46 2 45 25 78 80 88 70 60 71 43 51 13 72 15 
lin105.tsp
105
63 71 94 71 142 370 173 1276 205 1213 213 69 244 69 276 630 283 732 362 69 394 69 449 370 480 1276 512 1213 528 157 583 630 591 732 638 654 638 496 638 314 638 142 669 142 677 315 677 496 677 654 709 654 709 496 709 315 701 142 764 220 811 189 843 173 858 370 890 1276 921 1213 992 630 1000 732 1197 1276 1228 1213 1276 205 1299 630 1307 732 1362 654 1362 496 1362 291 1425 654 1425 496 1425 291 1417 173 1488 291 1488 496 1488 654 1551 654 1551 496 1551 291 1614 291 1614 496 1614 654 1732 189 1811 1276 1843 1213 1913 630 1921 732 2087 370 2118 1276 2150 1213 2189 205 2220 189 2220 630 2228 732 2244 142 2276 315 2276 496 2276 654 2315 654 2315 496 2315 315 2331 142 2346 315 2346 496 2346 654 2362 142 2402 157 2402 220 2480 142 2496 370 2528 1276 2559 1213 2630 630 2638 732 2756 69 2787 69 2803 370 2835 1276 2866 1213 2906 69 2937 69 2937 630 2945 732 3016 1276 3055 69 3087 69 606 220 1165 370 1780 370 
50 55 104 61 62 63 72 75 79 68 73 74 80 69 60 59 64 65 87 86 93 94 99 98 97 89 88 92 101 100 96 95 91 90 84 82 81 77 83 85 78 76 71 67 70 66 58 54 49 48 47 44 39 31 30 28 21 20 102 14 10 9 6 5 1 0 2 11 19 22 27 29 26 23 18 15 7 8 16 17 24 25 4 3 12 13 33 34 37 38 36 35 32 103 43 46 53 56 57 52 51 41 40 42 45 50 
pr76.tsp
76
3600 2300 3100 3300 4700 5750 5400 5750 5608 7103 4493 7102 3600 6950 3100 7250 4700 8450 5400 8450 5610 10053 4492 10052 3600 10800 3100 10950 4700 11650 5400 11650 6650 10800 7300 10950 7300 7250 6650 6950 7300 3300 6650 2300 5400 1600 8350 2300 7850 3300 9450 5750 10150 5750 10358 7103 9243 7102 8350 6950 7850 7250 9450 8450 10150 8450 10360 10053 9242 10052 8350 10800 7850 10950 9450 11650 10150 11650 11400 10800 12050 10950 12050 7250 11400 6950 12050 3300 11400 2300 10150 1600 13100 2300 12600 3300 14200 5750 14900 5750 15108 7103 13993 7102 13100 6950 12600 7250 14200 8450 14900 8450 15110 10053 13992 10052 13100 10800 12600 10950 14200 11650 14900 11650 16150 10800 16800 10950 16800 7250 16150 6950 16800 3300 16150 2300 14900 1600 19800 800 19800 10000 19800 11900 19800 12200 200 12200 200 1100 200 800 
26 25 42 41 53 52 48 49 47 43 44 45 46 68 67 69 66 64 65 50 51 54 55 56 62 63 70 71 72 61 60 57 58 59 40 39 33 38 37 17 16 10 11 12 13 73 14 15 36 35 34 27 32 31 28 29 30 18 19 20 24 23 21 22 3 2 4 9 8 5 6 7 1 0 75 74 26 
pr107.tsp
107
8375 4700 8775 4700 8375 4900 8175 4900 8775 4900 8575 4900 8775 5400 8375 5450 8775 5600 8575 5600 8375 5650 8175 5650 8375 6200 8775 6200 8375 6400 8175 6400 8775 6400 8575 6400 8375 7000 8775 7000 8375 7200 8175 7200 8775 7200 8575 7200 8375 7800 8775 7800 8375 8000 8175 8000 8775 8000 8575 8000 8375 8700 8775 8700 8375 8900 8175 8900 8775 8900 8575 8900 8375 9600 8775 9600 8375 9800 8175 9800 8775 9800 8575 9800 8375 10500 8775 10450 8375 10700 8175 10700 8775 10650 8575 10650 8375 11300 8775 11300 8375 11500 8175 11500 8775 11500 8575 11500 15825 11500 15825 10700 15825 9800 15825 8900 15825 8000 15825 7200 15825 6400 15825 5650 15825 4900 16025 4700 16425 4700 16025 4900 16225 4900 16425 4900 16425 5400 16025 5450 16225 5600 16425 5600 16025 5650 16025 6200 16425 6200 16025 6400 16225 6400 16425 6400 16025 7000 16425 7000 16025 7200 16225 7200 16425 7200 16025 7800 16425 7800 16025 8000 16225 8000 16425 8000 16025 8700 16425 8700 16025 8900 16225 8900 16425 8900 16025 9600 16425 9600 16025 9800 16225 9800 16425 9800 16025 10500 16425 10450 16025 10700 16225 10650 16425 10650 16025 11300 16425 11300 16025 11500 16225 11500 
28 29 26 27 24 21 18 20 23 17 14 15 12 10 11 7 3 0 2 5 1 4 6 9 8 13 16 19 22 25 30 33 32 35 34 31 36 39 38 41 40 37 42 45 44 47 48 51 50 53 52 49 46 43 59 60 73 61 72 69 62 63 65 66 64 67 68 71 70 74 77 76 75 78 80 81 79 82 83 58 85 86 84 87 88 57 90 91 89 92 93 56 95 96 94 97 98 55 100 101 99 102 54 103 104 106 105 28 
pr124.tsp
124
4475 8657 4475 8969 4475 9407 4475 9719 5450 10475 5475 9750 5475 8650 4575 8425 5425 3300 5425 3000 5425 2400 5425 2100 5425 1800 6000 2375 6375 2375 6000 3375 6375 3375 6475 4675 6475 4875 6475 5275 6475 5475 6100 6675 6350 6675 6350 7275 6100 7275 6550 7625 5775 8650 6075 8650 6375 8650 6375 9750 6075 9750 5775 9750 6975 9750 6675 9750 6675 8650 6875 8650 6850 7275 6600 7275 6600 6675 6850 6675 7100 5425 7100 5275 7100 5075 7100 4875 7100 4675 6925 3300 6925 3000 6925 2700 6925 2400 6925 2100 6925 1800 7700 3725 7850 3700 7700 4725 7750 7475 8125 7525 8500 7475 8500 8225 7600 9025 8350 9025 7975 9075 8350 9775 9375 11225 9531 11225 9475 10275 9275 10050 10375 9525 9687 11225 9843 11225 9999 11225 10155 11225 10311 11225 10467 11225 10623 11225 10779 11225 10935 11225 11091 11225 11247 11225 11403 11225 11559 11225 11175 9800 11275 9475 10650 9400 11275 9175 11125 5350 11025 4750 11000 4600 11000 3600 11650 3350 11725 4825 12500 5950 11715 11225 11871 11225 12027 11225 12183 11225 12339 11225 12495 11225 12651 11225 12807 11225 12963 11225 13325 6100 13100 4625 12825 3800 12850 2425 13585 1975 13585 2131 13585 2287 13585 2443 13585 2599 13585 2755 13585 2911 13585 3067 13585 3223 13585 3379 13585 9615 13585 9771 13585 9927 13585 10083 13585 10239 13585 10395 13585 10551 13585 10707 13585 10863 13585 11019 
34 25 36 37 23 39 38 40 41 42 43 53 52 51 45 46 47 48 49 50 14 13 12 11 10 9 8 15 16 44 17 18 19 20 22 21 24 6 26 27 28 35 31 5 7 0 1 2 3 4 30 29 33 32 58 60 61 65 59 57 54 55 56 84 89 85 86 87 88 102 103 104 105 106 107 108 109 110 111 112 113 101 90 100 114 115 116 117 118 119 120 121 83 81 80 82 66 64 62 63 67 68 69 70 71 72 73 74 75 76 77 78 79 91 92 93 94 95 96 97 98 99 123 122 34 
pr136.tsp
136
5300 1965 7275 1965 12450 1965 14425 1965 4118 2275 4743 2275 5935 2275 6560 2275 11268 2275 11893 2275 13085 2275 13710 2275 14425 2590 12450 2590 10250 2675 7275 2590 5300 2590 3100 2675 5300 2760 7275 2760 12450 2760 14425 2760 13710 3075 13085 3075 11893 3075 11268 3075 6560 3075 5935 3075 4743 3075 4118 3075 5300 3385 7275 3385 12450 3385 14425 3385 14425 4515 12450 4515 7275 4515 5300 4515 4118 4825 4743 4825 5935 4825 6560 4825 11268 4825 11893 4825 13085 4825 13710 4825 14425 5140 12450 5140 10250 5225 7275 5140 5300 5140 3100 5225 5300 5310 7275 5310 12450 5310 14425 5310 13710 5625 13085 5625 11893 5625 11268 5625 6560 5625 5935 5625 4743 5625 4118 5625 5300 5935 7275 5935 12450 5935 14425 5935 14425 7065 12450 7065 7275 7065 5300 7065 4118 7375 4743 7375 5935 7375 6560 7375 11268 7375 11893 7375 13085 7375 13710 7375 14425 7690 12450 7690 7275 7690 5300 7690 3100 7775 5300 7860 7275 7860 10250 7775 12450 7860 14425 7860 13710 8175 13085 8175 11893 8175 11268 8175 6560 8175 5935 8175 4743 8175 4118 8175 5300 8485 7275 8485 12450 8485 14425 8485 14425 9615 12450 9615 7275 9615 5300 9615 4118 9925 4743 9925 5935 9925 6560 9925 11268 9925 11893 9925 13085 9925 13710 9925 14425 10240 12450 10240 7275 10240 5300 10240 3100 10325 5300 10410 7275 10410 10250 10325 12450 10410 14425 10410 13710 10725 13085 10725 11893 10725 11268 10725 6560 10725 5935 10725 4743 10725 4118 10725 14425 11035 12450 11035 7275 11035 5300 11035 
8 9 2 10 11 3 12 21 33 34 46 55 67 56 57 44 45 22 23 13 20 32 24 25 14 48 42 43 35 47 54 66 58 59 76 77 69 78 79 68 80 89 101 90 91 81 88 92 100 103 112 113 102 114 123 132 124 125 115 122 133 126 111 110 127 121 93 87 70 82 86 75 74 71 61 60 65 53 49 41 36 31 19 15 1 7 26 27 6 0 16 18 5 4 17 29 28 30 40 37 39 50 52 64 62 38 51 63 73 72 84 97 83 85 96 98 95 94 99 104 116 120 134 109 108 105 117 119 107 106 118 131 130 135 129 128 8 
pr144.tsp
144
4350 4425 4500 4425 4300 4725 4300 4825 4300 4950 4300 5050 4350 8875 4500 8875 4300 9175 4300 9275 4300 9400 4300 9500 4950 10600 5150 10600 5525 9525 5525 9425 5525 9225 5525 9125 4950 8875 5250 8875 5550 8875 4950 6150 5150 6150 5525 5075 5525 4975 5525 4775 5525 4675 4950 4425 5250 4425 5550 4425 5875 2325 5875 2475 5875 2625 5875 2775 5675 4825 5675 4925 5875 6775 5875 6925 5875 7075 5875 7225 5675 9275 5675 9375 8125 10150 8225 10150 8325 10150 8125 5700 8225 5700 8325 5700 8675 3150 8675 3250 8675 3350 8675 3450 8675 3550 8675 3650 8675 3750 8675 3850 8675 3950 8675 4050 8425 5700 8525 5700 8675 7600 8675 7700 8675 7800 8675 7900 8675 8000 8675 8100 8675 8200 8675 8300 8675 8400 8675 8500 8425 10150 8525 10150 10850 9500 10850 9400 10850 9275 10850 9175 10900 8875 11050 8875 10850 5050 10850 4950 10850 4825 10850 4725 10900 4425 11050 4425 11500 4425 11800 4425 11500 6150 11700 6150 11500 8875 11800 8875 11500 10600 11700 10600 12075 9525 12075 9425 12225 9375 12225 9275 12075 9225 12075 9125 12100 8875 12425 7225 12425 7075 12425 6925 12425 6775 12075 5075 12075 4975 12225 4925 12225 4825 12075 4775 12075 4675 12100 4425 12425 2775 12425 2625 12425 2475 12425 2325 14675 5700 14675 10150 14775 10150 14875 10150 14975 10150 15075 10150 15225 8500 15225 8400 15225 8300 15225 8200 15225 8100 15225 8000 15225 7900 15225 7800 15225 7700 15225 7600 14775 5700 14875 5700 14975 5700 15075 5700 15225 4050 15225 3950 15225 3850 15225 3750 15225 3650 15225 3550 15225 3450 15225 3350 15225 3250 15225 3150 
30 31 32 33 27 28 29 26 25 34 24 1 0 2 3 4 5 21 6 8 9 10 11 7 18 19 17 16 15 14 12 13 42 43 44 70 71 69 68 67 66 65 64 63 62 61 60 41 40 20 39 38 37 36 22 23 35 45 46 47 58 59 57 56 55 54 53 52 51 50 49 48 113 112 111 110 82 81 80 79 78 83 84 85 109 108 107 106 105 104 103 86 87 102 101 100 99 88 89 98 97 96 95 94 93 92 77 76 75 74 73 72 90 91 115 116 117 118 119 120 121 122 123 124 125 126 127 128 129 114 130 131 132 133 143 134 135 136 137 138 139 140 141 142 30 
pr152.tsp
152
2100 1850 2100 3000 2100 4400 2100 5550 2100 6950 2100 8100 2100 9500 2100 10650 2348 11205 2350 10050 2348 8655 2350 7500 2348 6105 2350 4950 2348 3555 2350 2400 2625 11175 2775 10995 2625 10025 2634 9748 2607 9831 2625 8625 2775 8445 2625 7475 2607 7281 2634 7198 2625 6075 2775 5895 2625 4925 2607 4731 2634 4648 2625 3525 2775 3345 2625 2375 2634 2098 2607 2181 2825 3025 2825 5575 2825 8125 2825 10675 8349 10106 8353 9397 8349 7556 8353 6847 8349 5006 8353 4297 8349 2456 8353 1747 8474 1777 8576 1803 8575 2325 8474 4327 8576 4353 8575 4875 8474 6877 8576 6903 8575 7425 8474 9427 8576 9453 8575 9975 8625 9875 8675 9675 8675 9525 8669 9450 8625 7325 8675 7125 8675 6975 8669 6900 8625 4775 8675 4575 8675 4425 8669 4350 8625 2225 8675 1875 8675 2025 8669 1800 9250 1850 9250 3000 9250 4400 9250 5550 9250 6950 9250 8100 9250 9500 9250 10650 9498 11205 9500 10050 9498 8655 9500 7500 9498 6105 9500 4950 9498 3555 9500 2400 9784 2098 9757 2181 9775 2375 9775 3525 9784 4648 9757 4731 9775 4925 9775 6075 9784 7198 9757 7281 9775 7475 9775 8625 9784 9748 9757 9831 9775 10025 9775 11175 9925 10995 9975 10675 9925 8445 9975 8125 9925 5895 9975 5575 9925 3345 9975 3025 15499 10106 15503 9397 15499 7556 15503 6847 15499 5006 15503 4297 15499 2456 15503 1747 15624 1777 15726 1803 15775 2225 15725 2325 15624 4327 15726 4353 15775 4775 15725 4875 15624 6877 15726 6903 15775 7325 15725 7425 15624 9427 15726 9453 15775 9875 15725 9975 15825 9675 15825 9525 15819 9450 15825 7125 15825 6975 15819 6900 15825 4575 15825 4425 15819 4350 15825 1875 15825 2025 15819 1800 
9 7 8 16 17 39 18 20 19 6 10 21 22 38 5 11 23 24 25 4 12 26 27 37 3 13 28 29 30 2 14 31 32 36 1 15 0 33 35 34 43 54 42 56 64 65 66 67 55 79 44 53 68 69 70 45 51 52 71 78 90 95 114 115 91 46 50 72 74 73 47 48 49 75 76 92 93 94 77 96 97 98 89 113 88 99 112 80 100 101 102 87 81 111 86 103 110 63 58 57 41 62 61 60 40 59 82 104 105 106 85 83 109 84 107 108 117 136 137 116 139 138 140 141 142 118 135 134 119 132 133 143 144 145 120 131 130 121 128 129 146 147 148 122 127 126 150 123 149 151 125 124 9 
rat99.tsp
99
6 4 15 15 24 18 33 12 48 12 57 14 67 10 77 10 86 15 6 21 17 26 23 25 32 35 43 23 55 35 65 36 78 39 87 35 3 53 12 44 28 53 33 49 47 46 55 52 64 50 71 57 87 57 4 72 15 78 22 70 34 71 42 79 54 77 66 79 78 67 87 73 7 81 17 95 26 98 32 97 43 88 57 89 64 85 78 83 83 98 5 109 13 111 25 102 38 119 46 107 58 110 67 110 74 113 88 110 2 124 17 134 23 129 36 131 42 137 53 123 63 135 72 134 87 129 2 146 16 147 25 153 38 155 42 158 57 154 66 151 73 151 86 149 5 177 13 162 25 169 35 177 46 172 54 166 65 174 73 161 86 162 2 195 14 196 28 189 38 187 46 195 57 194 63 188 77 193 85 194 8 211 12 217 22 210 34 216 47 203 58 213 66 206 78 210 85 204 
10 9 0 1 2 3 13 4 5 6 7 8 15 14 21 20 19 18 27 36 28 29 30 31 40 32 33 42 41 49 39 38 47 37 46 45 54 55 56 48 57 58 64 63 73 65 66 67 76 74 75 84 83 82 72 81 90 91 92 93 85 94 86 87 88 96 95 97 98 89 78 77 68 79 69 70 80 71 62 61 60 59 50 51 52 53 44 43 35 34 26 17 16 25 24 23 22 12 11 10 
rat195.tsp
195
3 12 17 12 23 9 34 11 47 11 54 12 66 16 75 7 86 6 94 8 107 9 115 14 123 15 3 32 15 32 26 34 33 34 42 34 53 25 64 32 74 32 85 34 95 28 104 25 113 31 125 34 3 48 15 46 26 50 36 54 48 50 54 46 64 54 75 44 88 49 98 50 103 54 115 47 127 49 6 75 15 75 27 73 36 73 47 68 54 72 66 68 74 67 85 65 94 74 107 65 117 65 125 68 6 84 13 95 25 94 37 84 47 87 53 95 63 86 77 93 83 89 94 95 103 92 115 95 123 93 7 114 15 111 24 112 36 108 43 112 56 105 64 112 73 112 86 107 98 108 104 113 117 115 126 109 6 127 17 125 27 134 35 126 44 131 54 132 63 124 77 127 82 134 96 128 103 126 116 130 126 134 7 152 16 147 24 153 35 151 45 154 55 146 63 155 75 151 87 154 93 156 104 151 117 153 127 148 3 164 16 172 25 165 35 175 44 169 53 174 64 168 76 171 87 173 95 174 106 168 114 169 125 169 3 190 16 188 25 195 37 186 44 189 54 194 66 192 77 192 85 188 93 185 106 192 113 193 125 195 5 207 15 213 24 209 33 214 43 206 53 211 64 213 74 212 84 212 94 209 104 215 115 206 127 209 6 229 13 227 26 235 34 225 43 227 55 225 67 229 75 234 87 230 95 235 105 228 117 225 127 230 6 249 15 246 26 255 33 246 47 248 58 252 65 248 73 247 87 249 94 245 104 256 113 246 125 253 5 266 16 274 24 267 37 266 45 267 54 266 67 267 74 265 87 264 95 271 106 264 116 271 127 273 7 287 17 294 23 287 33 284 43 288 53 295 67 288 73 286 87 293 94 284 104 291 114 294 127 290 
30 29 28 17 16 15 14 3 2 1 0 13 27 26 39 52 40 41 42 43 44 55 56 57 68 54 53 66 65 78 79 67 69 70 71 72 85 86 84 83 82 81 80 92 91 104 105 106 93 94 95 96 97 110 109 108 107 118 117 130 143 144 131 132 133 119 120 121 122 123 136 135 134 146 147 148 160 159 145 157 158 156 169 170 182 183 184 185 186 187 171 172 173 174 161 162 163 175 176 188 189 190 193 194 181 180 192 191 178 177 179 166 168 167 155 154 153 152 165 164 151 150 149 137 138 139 140 141 142 129 128 127 126 125 124 113 112 111 98 99 100 101 114 115 116 102 103 90 89 87 88 76 77 64 63 62 75 74 73 61 60 59 58 45 46 47 48 49 51 50 38 25 12 11 10 9 8 7 5 4 18 6 19 20 21 22 23 24 37 36 35 34 33 32 31 30 
rd100.tsp
100
143.775 862.63 881.78 1.18319 545.244 735.005 502.813 876.001 204.876 345.225 701.637 576.987 147.167 164.286 135.382 807.91 628.999 976.971 674.999 731.447 313.696 299.126 445.689 981.97 354.793 765.215 398.129 976.034 273.041 853.944 666.295 312.27 876.942 925.39 134.026 949.816 966.825 726.799 659.346 889.08 400.34 874.489 118.041 312.04 809.87 50.8555 16.2821 114.161 12.6192 48.2407 650.039 940.261 791.189 758.951 907.194 612.605 510.857 25.8629 31.6366 431.221 776.763 253.781 531.819 906.89 654.965 767.759 186.06 206.527 564.595 2.99685 410.816 437.921 930.189 639.817 941.392 889.979 341.538 39.4141 162.622 95.1969 107.558 262.746 82.6398 131.129 43.0137 77.901 554.45 99.7819 608.618 227.863 889.589 760.96 559.461 508.125 13.6027 508.467 402.567 839.178 886.156 764.31 84.6462 629.068 486.783 259.062 647.516 553.517 967.65 824.246 236.623 1.52397 879.518 737.584 509.84 420.787 936.134 303.893 872.343 499.018 142.996 840.984 233.102 303.929 199.819 937.721 302.123 847.44 365.531 566.229 107.593 549.471 802.657 344.868 319.486 813.104 3.24542 701.539 180.027 766.307 977.601 968.843 14.6301 842.383 922.626 954.285 896.272 789.067 667.952 906.108 425.058 869.541 865.918 369.61 898.572 539.108 621.689 878.159 673.73 613.117 89.2979 491.923 147.858 459.84 428.293 905.37 51.7499 636.336 826.458 231.701 426.249 946.357 316.069 853.389 275.713 973.754 835.293 247.974 970.187 63.5213 123.616 644.17 226.668 562.456 808.92 791.39 942.256 531.023 705.831 455.757 856.231 509.763 352.477 1.16433 308.882 842.792 750.979 394.934 610.775 584.408 483.637 116.325 
24 23 41 6 33 40 21 4 60 10 35 56 46 98 78 9 32 2 3 81 74 20 48 12 66 85 96 62 14 68 63 90 80 79 29 47 64 89 50 82 67 7 59 70 0 17 61 86 13 84 11 31 77 8 25 73 19 91 26 55 45 49 72 37 16 71 69 53 18 36 27 76 92 58 94 75 65 57 88 1 22 87 83 30 97 93 5 52 15 51 44 99 43 34 28 95 38 54 39 42 24 
st70.tsp
70
64 96 80 39 69 23 72 42 48 67 58 43 81 34 79 17 30 23 42 67 7 76 29 51 78 92 64 8 95 57 57 91 40 35 68 40 92 34 62 1 28 43 76 73 67 88 93 54 6 8 87 18 30 9 77 13 78 94 55 3 82 88 73 28 20 55 27 43 95 86 67 99 48 83 75 81 8 19 20 18 54 38 63 36 44 33 52 18 12 13 25 5 58 85 5 67 90 9 41 76 25 76 37 64 56 63 10 55 98 7 16 74 89 60 48 82 81 76 29 60 17 22 5 45 79 70 9 100 17 82 74 67 10 68 48 19 83 86 84 94 
24 44 39 45 26 8 16 42 67 43 29 19 13 27 48 54 25 7 2 41 40 5 17 3 31 6 1 18 23 14 56 62 65 21 58 34 68 30 69 28 12 37 22 35 0 15 46 36 57 49 52 4 9 51 59 50 63 64 55 10 66 47 53 61 32 11 20 33 60 38 24 
ts225.tsp
225
4000 4000 4000 4500 4000 5000 4000 5500 4000 6000 4000 6500 4000 7000 4000 7500 4000 8000 4000 8500 4000 9000 4000 9500 4000 10000 4000 10500 4000 11000 4000 11500 4000 12000 4000 12500 4000 13000 4000 13500 4000 14000 4000 14500 4000 15000 4000 15500 4000 16000 7000 4000 7000 4500 7000 5000 7000 5500 7000 6000 7000 6500 7000 7000 7000 7500 7000 8000 7000 8500 7000 9000 7000 9500 7000 10000 7000 10500 7000 11000 7000 11500 7000 12000 7000 12500 7000 13000 7000 13500 7000 14000 7000 14500 7000 15000 7000 15500 7000 16000 10000 4000 10000 4500 10000 5000 10000 5500 10000 6000 10000 6500 10000 7000 10000 7500 10000 8000 10000 8500 10000 9000 10000 9500 10000 10000 10000 10500 10000 11000 10000 11500 10000 12000 10000 12500 10000 13000 10000 13500 10000 14000 10000 14500 10000 15000 10000 15500 10000 16000 13000 4000 13000 4500 13000 5000 13000 5500 13000 6000 13000 6500 13000 7000 13000 7500 13000 8000 13000 8500 13000 9000 13000 9500 13000 10000 13000 10500 13000 11000 13000 11500 13000 12000 13000 12500 13000 13000 13000 13500 13000 14000 13000 14500 13000 15000 13000 15500 13000 16000 16000 4000 16000 4500 16000 5000 16000 5500 16000 6000 16000 6500 16000 7000 16000 7500 16000 8000 16000 8500 16000 9000 16000 9500 16000 10000 16000 10500 16000 11000 16000 11500 16000 12000 16000 12500 16000 13000 16000 13500 16000 14000 16000 14500 16000 15000 16000 15500 16000 16000 4500 4000 5000 4000 5500 4000 6000 4000 6500 4000 4500 7000 5000 7000 5500 7000 6000 7000 6500 7000 4500 10000 5000 10000 5500 10000 6000 10000 6500 10000 4500 13000 5000 13000 5500 13000 6000 13000 6500 13000 4500 16000 5000 16000 5500 16000 6000 16000 6500 16000 7500 4000 8000 4000 8500 4000 9000 4000 9500 4000 7500 7000 8000 7000 8500 7000 9000 7000 9500 7000 7500 10000 8000 10000 8500 10000 9000 10000 9500 10000 7500 13000 8000 13000 8500 13000 9000 13000 9500 13000 7500 16000 8000 16000 8500 16000 9000 16000 9500 16000 10500 4000 11000 4000 11500 4000 12000 4000 12500 4000 10500 7000 11000 7000 11500 7000 12000 7000 12500 7000 10500 10000 11000 10000 11500 10000 12000 10000 12500 10000 10500 13000 11000 13000 11500 13000 12000 13000 12500 13000 10500 16000 11000 16000 11500 16000 12000 16000 12500 16000 13500 4000 14000 4000 14500 4000 15000 4000 15500 4000 13500 7000 14000 7000 14500 7000 15000 7000 15500 7000 13500 10000 14000 10000 14500 10000 15000 10000 15500 10000 13500 13000 14000 13000 14500 13000 15000 13000 15500 13000 13500 16000 14000 16000 14500 16000 15000 16000 15500 16000 
46 149 148 147 146 145 24 23 22 21 20 19 143 142 141 140 18 17 16 15 14 13 138 137 136 135 12 11 10 9 8 7 133 132 131 130 6 5 4 3 2 1 0 125 126 127 128 129 25 150 151 152 153 26 27 28 29 30 134 31 155 156 157 158 32 33 34 35 36 139 37 160 161 162 163 38 39 40 41 42 144 43 165 44 45 47 48 49 170 171 172 173 174 74 195 196 197 198 199 73 72 71 70 69 166 167 168 169 64 65 66 67 68 190 191 192 193 194 95 94 93 215 216 217 92 91 90 89 63 164 62 61 60 59 58 185 186 187 188 189 88 87 210 211 212 86 85 84 83 57 159 56 55 54 53 52 51 180 181 182 183 184 82 81 205 206 207 80 79 78 77 154 50 175 176 177 178 179 75 76 200 201 202 203 204 100 101 102 103 104 105 106 208 209 107 108 109 110 111 112 213 214 113 114 115 116 117 118 119 120 121 122 123 124 218 219 96 97 98 99 220 221 222 224 223 46 
tsp225.tsp
225
155.42 150.65 375.92 164.65 183.92 150.65 205.42 150.65 205.42 171.65 226.42 171.65 226.42 186.15 226.42 207.15 226.42 235.65 226.42 264.15 226.42 292.65 226.42 314.15 226.42 335.65 205.42 335.65 190.92 335.65 190.92 328.15 176.92 328.15 176.92 299.65 155.42 299.65 155.42 328.15 155.42 356.65 183.92 356.65 219.42 356.65 240.92 356.65 269.42 356.65 290.42 356.65 387.42 136.15 318.92 356.65 318.92 335.65 318.92 328.15 318.92 299.65 297.92 299.65 290.42 328.15 290.42 335.65 297.92 328.15 254.92 335.65 254.92 314.15 254.92 292.65 254.92 271.65 254.92 243.15 254.92 221.65 254.92 193.15 254.92 171.65 276.42 171.65 296.42 150.65 276.42 150.65 375.92 150.65 308.92 150.65 354.92 164.65 338.42 174.65 354.92 174.65 338.42 200.15 338.42 221.65 354.92 221.65 354.92 200.15 361.92 200.15 361.92 186.15 383.42 186.15 383.42 179.15 404.42 179.15 404.42 186.15 418.92 186.15 418.92 200.15 432.92 200.15 432.92 221.65 418.92 221.65 418.92 235.65 397.42 235.65 397.42 243.15 375.92 243.15 375.92 257.15 368.92 257.15 368.92 264.15 347.42 264.15 347.42 278.65 336.42 278.65 336.42 328.15 347.42 328.15 347.42 342.65 368.92 342.65 368.92 353.65 418.92 353.65 418.92 342.65 432.92 342.65 432.92 356.65 447.42 356.65 447.42 321.15 447.42 292.65 432.92 292.65 432.92 314.15 418.92 314.15 418.92 321.15 397.42 321.15 397.42 333.65 375.92 333.65 375.92 321.15 361.92 321.15 361.92 299.65 375.92 299.65 375.92 285.65 397.42 285.65 397.42 271.65 418.92 271.65 418.92 264.15 439.92 264.15 439.92 250.15 454.42 250.15 454.42 243.15 461.42 243.15 461.42 214.65 461.42 193.15 447.42 193.15 447.42 179.15 439.92 179.15 439.92 167.65 419.92 167.65 419.92 150.65 439.92 150.65 454.42 150.65 475.92 150.65 475.92 171.65 496.92 171.65 496.92 193.15 496.92 214.65 496.92 243.15 496.92 271.65 496.92 292.65 496.92 317.15 496.92 335.65 470.42 335.65 470.42 356.65 496.92 356.65 347.42 150.65 539.92 356.65 560.92 356.65 589.42 356.65 589.42 342.65 603.92 342.65 610.92 342.65 610.92 335.65 610.92 321.15 624.92 321.15 624.92 278.65 610.92 278.65 610.92 257.15 589.42 257.15 589.42 250.15 575.42 250.15 560.92 250.15 542.92 250.15 542.92 264.15 560.92 264.15 575.42 264.15 575.42 271.65 582.42 271.65 582.42 285.65 596.42 285.65 560.92 335.65 596.42 314.15 582.42 314.15 582.42 321.15 575.42 321.15 575.42 335.65 525.42 335.65 525.42 314.15 525.42 299.65 525.42 281.65 525.42 233.15 525.42 214.65 525.42 193.15 525.42 171.65 546.92 171.65 546.92 150.65 568.42 150.65 475.92 160.65 603.92 150.65 624.92 150.65 624.92 136.15 596.42 136.15 575.42 136.15 553.92 136.15 532.42 136.15 575.42 356.65 489.92 136.15 468.42 136.15 447.42 136.15 425.92 136.15 404.42 136.15 370.42 136.15 361.92 150.65 340.42 136.15 326.42 136.15 301.92 136.15 276.42 136.15 254.92 136.15 315.92 136.15 212.42 136.15 190.92 136.15 338.92 150.65 155.42 136.15 624.92 299.65 318.92 321.65 155.42 314.15 311.92 356.65 355.42 136.15 318.92 314.15 362.92 164.65 254.92 356.65 383.42 333.65 447.42 335.65 470.42 345.65 525.42 250.15 546.92 335.65 525.42 261.15 525.42 356.65 336.42 298.65 336.42 313.15 293.42 136.15 336.42 306.15 425.92 264.15 391.42 353.65 482.92 335.65 429.92 167.65 330.92 150.65 368.42 150.65 
2 199 0 4 5 6 7 8 9 18 202 19 20 21 14 15 16 17 10 11 12 13 22 23 207 24 35 36 37 38 39 40 41 42 43 44 47 223 198 132 49 51 52 53 54 55 56 50 48 206 189 224 46 1 57 58 60 59 65 67 68 66 64 63 62 61 115 222 113 111 112 114 120 110 109 108 107 106 105 104 219 103 102 101 100 88 87 90 92 93 208 95 98 99 97 72 70 69 71 73 74 75 215 218 216 30 31 34 32 33 25 203 27 205 201 29 28 76 78 77 96 94 79 80 220 81 82 91 89 86 129 210 209 83 84 85 130 131 221 128 127 163 214 133 134 182 157 162 136 135 137 138 139 141 140 158 159 160 161 212 164 165 166 126 125 213 150 151 153 154 145 146 144 142 200 143 156 155 152 147 148 149 211 167 168 124 123 122 169 170 171 175 176 177 178 179 173 180 172 181 121 174 119 183 184 185 118 117 186 116 187 26 188 204 190 191 195 192 217 193 45 194 3 196 197 2 
u159.tsp
159
3300 2200 3500 2900 3300 2900 3500 3100 3500 3300 3300 3500 3500 3700 3500 3900 3500 4000 3500 4100 3500 4300 3300 4300 3500 4500 3500 4700 3500 4800 3300 4900 3500 5000 3800 5500 3900 5700 3800 5800 3700 5800 3500 5600 3500 5700 3300 5900 3500 6100 3300 6500 3500 6400 3800 6600 4500 6500 4700 6100 4300 5700 4500 5400 5100 5300 5100 5000 5000 5000 5100 4700 5000 4700 5200 4500 5500 4400 5600 4400 5500 4100 5700 3900 5900 4100 6100 3900 6300 4100 6500 4100 6700 4100 6900 4100 7000 4500 7300 4500 7300 4700 7400 5100 7700 5500 7800 5700 7300 6200 7300 6500 7600 6500 7700 6600 8100 6600 8500 6300 8500 6000 8500 5700 8200 5700 8500 5300 8500 5200 8500 5100 8500 5000 8500 4900 8500 4800 8500 4700 8500 4600 8500 4500 8200 4600 7800 4600 7700 4300 8000 4300 8100 4000 8500 4200 8500 4100 8500 4000 8500 3900 8500 3800 8500 3700 8500 3600 8500 3500 8500 3400 8200 3200 8000 3200 7800 3400 7600 3400 7400 3400 7300 3000 7300 2800 7700 3200 8000 2900 8100 3000 8500 3100 8500 3000 8500 2900 8500 2800 8500 2700 8500 2600 8500 2500 8500 2400 8500 2300 8200 2100 7800 2100 6900 2200 6700 2300 6500 2300 6300 2300 6100 2300 5900 2300 5900 2900 6100 2900 6300 2900 6500 2900 6700 2900 6700 3500 6500 3500 6300 3500 6100 3500 5900 3500 5300 2800 4700 2100 4300 2600 4700 2900 5000 3100 5100 2900 5300 3100 5000 3400 5200 3700 5000 3900 5100 3900 5100 4200 5000 4200 4700 4400 4700 4700 4300 4400 4300 4600 4100 4400 3900 4600 3700 4400 3700 4300 3800 4300 3700 4100 3700 4000 3700 3900 3800 4000 3900 3800 3700 3700 3500 3600 3500 3500 3700 3500 3800 3500 3700 3200 3800 3200 3900 3000 3500 2400 
50 51 52 53 54 55 56 57 58 59 60 61 62 63 64 65 66 67 68 69 70 71 72 75 77 78 79 80 81 82 83 84 85 96 97 98 99 100 101 102 103 104 105 106 94 95 86 87 88 93 92 91 90 89 76 74 73 49 48 47 46 45 44 118 119 120 121 122 43 42 41 40 39 38 32 29 28 30 18 19 24 27 26 25 23 22 21 20 17 31 33 34 36 35 37 134 133 131 127 129 113 114 115 116 117 108 107 109 110 111 112 123 128 124 125 126 130 132 135 136 137 139 138 140 141 144 142 143 15 16 14 13 12 10 11 145 9 8 7 146 148 147 149 150 6 151 5 152 153 154 4 3 2 0 158 1 157 156 155 50 
