berlin52.tsp
52
565 565 25 25 345 345 945 945 845 845 880 880 25 25 525 525 580 580 650 650 1605 1605 1220 1220 1465 1465 1530 1530 845 845 725 725 145 145 415 415 510 510 560 560 300 300 520 520 480 480 835 835 975 975 1215 1215 1320 1320 1250 1250 660 660 410 410 420 420 575 575 1150 1150 700 700 685 685 685 685 770 770 795 795 720 720 760 760 475 475 95 95 875 875 700 700 555 555 830 830 1170 1170 830 830 605 605 595 595 1340 1340 1740 1740 
10 50 32 11 27 26 25 24 45 47 36 33 34 35 48 31 21 0 38 39 37 23 4 14 5 3 42 44 18 17 30 20 22 19 49 43 9 8 7 40 2 16 6 1 41 29 28 15 46 13 12 51 10 
bier127.tsp
127
9860 9860 9396 9396 11252 11252 11020 11020 9512 9512 10788 10788 10208 10208 11600 11600 11252 11252 10672 10672 11136 11136 9860 9860 10092 10092 9512 9512 10556 10556 9628 9628 10904 10904 11368 11368 11252 11252 10672 10672 11020 11020 11020 11020 11136 11136 11020 11020 8468 8468 8932 8932 9512 9512 7772 7772 8352 8352 9164 9164 9744 9744 8352 8352 8236 8236 8468 8468 8700 8700 8932 8932 9048 9048 8468 8468 8352 8352 8236 8236 9164 9164 8004 8004 8584 8584 7772 7772 7540 7540 7424 7424 8352 8352 7540 7540 7888 7888 9744 9744 9164 9164 9744 9744 7888 7888 8236 8236 9512 9512 9164 9164 8700 8700 11716 11716 12992 12992 12412 12412 12296 12296 12528 12528 15312 15312 11716 11716 11600 11600 10324 10324 12412 12412 12876 12876 13688 13688 13688 13688 13688 13688 11484 11484 12296 12296 12064 12064 12644 12644 11832 11832 11368 11368 11136 11136 10556 10556 10324 10324 11484 11484 11484 11484 11020 11020 11484 11484 16936 16936 17052 17052 16936 16936 17052 17052 13804 13804 12064 12064 12180 12180 14152 14152 5104 5104 6496 6496 5684 5684 15660 15660 5336 5336 812 812 14384 14384 11252 11252 9744 9744 10904 10904 7308 7308 16472 16472 10440 10440 10672 10672 1160 1160 10788 10788 15660 15660 15544 15544 5336 5336 6264 6264 11832 11832 10672 10672 10208 10208 12180 12180 11020 11020 7656 7656 16240 16240 10440 10440 9164 9164 8004 8004 5684 5684 9512 9512 13688 13688 11484 11484 3248 3248 
66 8 10 9 4 55 123 51 49 12 99 63 57 112 64 65 54 93 111 110 106 97 100 101 82 81 125 83 116 78 79 28 31 24 32 121 27 41 33 42 36 34 35 40 104 105 107 19 16 75 74 68 95 108 69 67 72 73 20 23 1 50 56 46 48 117 45 47 52 39 38 37 25 29 13 0 15 6 119 114 2 89 115 59 22 18 3 21 113 5 14 11 30 26 96 122 94 126 92 102 44 43 53 120 90 124 88 91 98 103 58 61 60 7 71 17 76 77 80 62 118 87 86 85 84 109 70 66 
ch130.tsp
130
334.591 334.591 397.645 397.645 503.874 503.874 444.048 444.048 311.614 311.614 662.855 662.855 40.0979 40.0979 526.894 526.894 209.189 209.189 683.267 683.267 280.749 280.749 252.749 252.749 698.785 698.785 678.757 678.757 220.004 220.004 355.153 355.153 296.972 296.972 504.515 504.515 224.108 224.108 470.68 470.68 554.253 554.253 567.633 567.633 599.053 599.053 240.523 240.523 32.0826 32.0826 91.0539 91.0539 248.218 248.218 488.891 488.891 206.047 206.047 575.841 575.841 282.609 282.609 27.6581 27.6581 568.574 568.574 269.464 269.464 417.8 417.8 32.1681 32.1681 561.478 561.478 342.948 342.948 399.675 399.675 571.737 571.737 370.756 370.756 509.709 509.709 177.021 177.021 526.167 526.167 316.573 316.573 469.291 469.291 572.763 572.763 29.5177 29.5177 454.008 454.008 416.155 416.155 535.251 535.251 265.446 265.446 478.054 478.054 370.478 370.478 598.348 598.348 201.152 201.152 193.693 193.693 448.579 448.579 603.285 603.285 543.01 543.01 214.575 214.575 426.35 426.35 89.0447 89.0447 84.492 84.492 220.047 220.047 688.461 688.461 687.286 687.286 75.4935 75.4935 63.4171 63.4171 97.9363 97.9363 399.526 399.526 456.317 456.317 319.886 319.886 295.925 295.925 288.487 288.487 268.395 268.395 140.471 140.471 689.808 689.808 280.578 280.578 453.388 453.388 213.57 213.57 133.695 133.695 521.166 521.166 30.2658 30.2658 657.02 657.02 6.92522 6.92522 252.429 252.429 42.8552 42.8552 145.9 145.9 638.489 638.489 489.276 489.276 361.223 361.223 519.948 519.948 129.335 129.335 259.717 259.717 676.342 676.342 84.5134 84.5134 77.7164 77.7164 335.98 335.98 264.355 264.355 51.6827 51.6827 692.138 692.138 169.219 169.219 194.013 194.013 415.193 415.193 415.043 415.043 169.839 169.839 525.099 525.099 238.685 238.685 116.211 116.211 16.9283 16.9283 434.344 434.344 40.5254 40.5254 530.485 530.485 484.36 484.36 263.65 263.65 450.289 450.289 441.782 441.782 24.2169 24.2169 503.789 503.789 635.539 635.539 614.592 614.592 21.7161 21.7161 143.827 143.827 637.719 637.719 566.565 566.565 196.685 196.685 384.927 384.927 178.111 178.111 403.287 403.287 
15 44 116 2 19 117 34 64 8 56 81 110 122 100 57 48 52 119 105 37 94 102 76 93 88 112 31 24 47 6 128 60 108 126 42 23 14 26 33 16 0 40 111 61 114 82 120 77 12 95 121 54 3 53 30 103 106 62 35 83 118 55 51 98 90 71 59 50 5 101 9 13 66 22 20 32 125 107 7 17 21 46 39 36 92 43 41 113 29 58 89 124 84 65 27 4 10 75 67 97 109 18 28 115 78 80 86 11 74 73 72 91 99 69 96 25 87 85 68 63 123 1 79 45 49 129 70 38 104 127 15 
ch150.tsp
150
37.4394 37.4394 612.176 612.176 38.1312 38.1312 53.4418 53.4418 143.061 143.061 689.945 689.945 112.748 112.748 141.488 141.488 661.051 661.051 98.7899 98.7899 697.388 697.388 536.489 536.489 192.407 192.407 282.787 282.787 240.825 240.825 246.928 246.928 649.731 649.731 352.966 352.966 633.392 633.392 488.312 488.312 141.404 141.404 17.3633 17.3633 397.559 397.559 565.785 565.785 475.898 475.898 322.422 322.422 397.559 397.559 672.862 672.862 571.219 571.219 104.653 104.653 356.71 356.71 400.407 400.407 282.304 282.304 58.7767 58.7767 189.751 189.751 659.912 659.912 639.031 639.031 415.026 415.026 547.266 547.266 616.655 616.655 494.859 494.859 629.998 629.998 471.101 471.101 138.244 138.244 91.5848 91.5848 390.697 390.697 565.162 565.162 54.5249 54.5249 334.351 334.351 531.029 531.029 475.735 475.735 228.833 228.833 578.381 578.381 358.917 358.917 486.465 486.465 343.169 343.169 530.363 530.363 498.807 498.807 224.318 224.318 595.836 595.836 661.559 661.559 43.6892 43.6892 79.4653 79.4653 210.416 210.416 432.264 432.264 623.249 623.249 436.519 436.519 59.4163 59.4163 630.923 630.923 579.327 579.327 117.862 117.862 297.791 297.791 22.7643 22.7643 259.71 259.71 342.358 342.358 10.0261 10.0261 315.293 315.293 220.704 220.704 192.119 192.119 271.504 271.504 530.732 530.732 42.5331 42.5331 396.127 396.127 118.663 118.663 395.691 395.691 559.016 559.016 22.6471 22.6471 135.638 135.638 141.451 141.451 396.774 396.774 87.7495 87.7495 350.425 350.425 216.701 216.701 130.924 130.924 72.633 72.633 144.6 144.6 212.373 212.373 49.9187 49.9187 656.694 656.694 176.594 176.594 500.383 500.383 634.318 634.318 59.7537 59.7537 15.2146 15.2146 283.005 283.005 146.539 146.539 101.869 101.869 588.197 588.197 457.263 457.263 537.466 537.466 269.367 269.367 239.905 239.905 88.4678 88.4678 658.913 658.913 97.7359 97.7359 506.619 506.619 500.257 500.257 594.405 594.405 66.2308 66.2308 598.416 598.416 172.309 172.309 299.481 299.481 303.838 303.838 197.897 197.897 56.02 56.02 255.557 255.557 608.426 608.426 70.2723 70.2723 398.23 398.23 635.497 635.497 378.348 378.348 484.803 484.803 278.871 278.871 381.654 381.654 557.607 557.607 249.059 249.059 562.905 562.905 398.55 398.55 590.894 590.894 558.201 558.201 461.411 461.411 354.724 354.724 193.661 193.661 352.314 352.314 308.435 308.435 299.588 299.588 334.275 334.275 690.966 690.966 48.0798 48.0798 91.6468 91.6468 
108 42 66 76 79 13 70 44 20 78 87 93 88 6 7 83 29 95 58 14 77 22 31 37 11 52 23 117 100 115 143 48 146 144 73 122 30 26 59 38 1 18 98 101 113 28 85 80 109 19 46 41 36 5 27 8 119 138 39 68 60 10 16 65 139 116 128 121 15 110 4 106 94 81 102 62 61 21 149 120 104 51 92 123 96 142 99 25 74 17 141 84 64 145 125 32 133 137 53 91 89 45 24 57 49 134 69 107 136 131 54 140 82 55 34 9 112 47 72 75 86 0 97 33 2 103 3 127 67 118 90 105 12 135 111 71 63 43 114 124 148 132 130 40 56 129 147 35 126 50 108 
d198.tsp
198
0 0 551.2 551.2 627.4 627.4 703.6 703.6 703.6 703.6 627.4 627.4 551.2 551.2 881.4 881.4 932.2 932.2 957.6 957.6 983 983 1008.4 1008.4 1033.8 1033.8 1313.2 1313.2 1287.8 1287.8 1287.8 1287.8 1313.2 1313.2 1465.6 1465.6 1516.4 1516.4 1592.6 1592.6 1592.6 1592.6 1516.4 1516.4 1465.6 1465.6 1567.2 1567.2 1592.6 1592.6 1567.2 1567.2 1541.8 1541.8 1491 1491 1440.2 1440.2 1465.6 1465.6 1414.8 1414.8 1440.2 1440.2 1491 1491 1516.4 1516.4 1592.6 1592.6 1465.6 1465.6 1440.2 1440.2 1389.4 1389.4 1541.8 1541.8 1160.8 1160.8 1160.8 1160.8 1262.4 1262.4 1287.8 1287.8 1338.6 1338.6 1414.8 1414.8 1491 1491 1541.8 1541.8 1643.4 1643.4 1668.8 1668.8 1618 1618 1567.2 1567.2 1516.4 1516.4 1465.6 1465.6 1414.8 1414.8 1338.6 1338.6 1313.2 1313.2 1237 1237 1237 1237 1313.2 1313.2 1338.6 1338.6 1414.8 1414.8 1465.6 1465.6 1694.2 1694.2 1618 1618 1516.4 1516.4 1414.8 1414.8 1338.6 1338.6 1313.2 1313.2 1237 1237 1357.7 1357.7 1237 1237 1313.2 1313.2 1338.6 1338.6 1414.8 1414.8 1465.6 1465.6 1567.2 1567.2 1592.6 1592.6 1618 1618 1694.2 1694.2 1668.8 1668.8 1541.8 1541.8 1440.2 1440.2 1414.8 1414.8 1338.6 1338.6 1262.4 1262.4 1237 1237 1338.6 1338.6 1414.8 1414.8 1465.6 1465.6 1491 1491 1668.8 1668.8 1694.2 1694.2 1618 1618 1592.6 1592.6 1567.2 1567.2 1516.4 1516.4 1440.2 1440.2 1414.8 1414.8 1338.6 1338.6 1262.4 1262.4 1592.6 1592.6 1618 1618 1668.8 1668.8 1694.2 1694.2 1745 1745 1821.2 1821.2 1846.6 1846.6 1948.2 1948.2 1922.8 1922.8 1897.4 1897.4 1872 1872 1821.2 1821.2 1795.8 1795.8 1770.4 1770.4 1770.4 1770.4 1795.8 1795.8 1821.2 1821.2 1872 1872 1897.4 1897.4 1922.8 1922.8 1808.5 1808.5 1757.7 1757.7 1884.7 1884.7 1999 1999 2075.2 2075.2 2113.3 2113.3 2176.8 2176.8 2236.5 2236.5 2176.8 2176.8 2126 2126 2100.6 2100.6 2100.6 2100.6 2126 2126 2100.6 2100.6 2126 2126 2151.4 2151.4 2236.5 2236.5 1999 1999 1884.7 1884.7 2100.6 2100.6 2126 2126 2100.6 2100.6 2126 2126 2176.8 2176.8 2151.4 2151.4 2126 2126 2100.6 2100.6 2100.6 2100.6 2126 2126 2176.8 2176.8 2227.6 2227.6 2126 2126 2100.6 2100.6 1795.8 1795.8 1821.2 1821.2 1846.6 1846.6 1872 1872 1897.4 1897.4 1948.2 1948.2 2056.2 2056.2 2100.6 2100.6 2126 2126 2253 2253 2303.8 2303.8 2380 2380 2405.4 2405.4 2024.4 2024.4 2151.4 2151.4 2075.2 2075.2 2176.8 2176.8 2350.8 2350.8 2350.8 2350.8 3652.1 3652.1 3725.7 3725.7 3725.7 3725.7 3652.1 3652.1 3726.2 3726.2 3802.4 3802.4 3853.2 3853.2 3802.4 3802.4 3700.8 3700.8 3605.6 3605.6 3700.8 3700.8 3802.4 3802.4 3853.2 3853.2 4028.3 4028.3 3952.1 3952.1 3728.3 3728.3 3652.1 3652.1 3652.1 3652.1 3728.3 3728.3 3952.1 3952.1 4028.3 4028.3 3853.2 3853.2 3952.1 3952.1 4028.3 4028.3 4028.3 4028.3 3952.1 3952.1 
131 132 136 192 185 187 170 127 126 169 125 129 135 140 133 130 168 124 118 116 25 26 23 20 21 37 58 59 54 43 55 41 42 60 53 44 35 33 27 19 17 18 22 28 30 36 31 29 32 24 194 195 196 197 175 76 80 95 89 121 120 137 147 152 160 159 158 157 74 13 16 15 14 39 40 12 57 68 70 84 99 88 94 93 102 115 114 91 90 79 78 62 48 47 34 45 38 46 50 49 63 64 51 52 61 86 83 98 82 73 75 166 167 181 180 178 193 177 176 77 65 69 66 72 71 67 56 11 10 9 8 7 4 5 6 1 0 2 3 85 123 144 162 164 165 188 189 190 191 186 184 179 183 182 128 107 117 119 122 138 156 155 154 153 96 97 87 81 112 108 110 109 106 105 111 113 104 103 101 100 92 172 173 174 171 163 150 149 143 142 145 148 161 151 146 141 139 134 131 
eil101.tsp
101
41 41 35 35 55 55 55 55 15 15 25 25 20 20 10 10 55 55 30 30 20 20 50 50 30 30 15 15 30 30 10 10 5 5 20 20 15 15 45 45 45 45 45 45 55 55 65 65 65 65 45 45 35 35 41 41 64 64 40 40 31 31 35 35 53 53 65 65 63 63 2 2 20 20 5 5 60 60 40 40 42 42 24 24 23 23 11 11 6 6 2 2 8 8 13 13 6 6 47 47 49 49 27 27 37 37 57 57 63 63 53 53 32 32 36 36 21 21 17 17 12 12 24 24 27 27 15 15 62 62 49 49 67 67 56 56 37 37 37 37 57 57 47 47 44 44 46 46 49 49 49 49 53 53 61 61 57 57 56 56 55 55 15 15 14 14 11 11 16 16 4 4 28 28 26 26 26 26 31 31 15 15 22 22 18 18 26 26 25 25 22 22 25 25 19 19 20 20 18 18 35 35 
41 86 96 36 97 91 12 57 52 25 3 38 66 22 55 72 88 51 30 87 6 81 17 82 59 98 94 93 5 100 26 68 0 69 29 9 61 18 63 48 35 46 47 7 45 44 16 83 4 60 90 84 15 85 37 43 13 99 92 58 95 27 75 76 2 78 77 33 28 23 54 24 53 79 67 32 50 19 89 10 62 31 65 64 70 34 8 80 49 11 20 39 1 56 71 73 74 21 40 14 42 41 
kroA100.tsp
100
1380 1380 2848 2848 3510 3510 457 457 3888 3888 984 984 2721 2721 1286 1286 2716 2716 738 738 1251 1251 2728 2728 3815 3815 3683 3683 1247 1247 123 123 1234 1234 252 252 611 611 2576 2576 928 928 53 53 1807 1807 274 274 2574 2574 178 178 2678 2678 1795 1795 3384 3384 3520 3520 1256 1256 1424 1424 3913 3913 3085 3085 2573 2573 463 463 3875 3875 298 298 3479 3479 2542 2542 3955 3955 1323 1323 3447 3447 2936 2936 1621 1621 3373 3373 1393 1393 3874 3874 938 938 3022 3022 2482 2482 3854 3854 376 376 2519 2519 2945 2945 953 953 2628 2628 2097 2097 890 890 2139 2139 2421 2421 2290 2290 1115 1115 2588 2588 327 327 241 241 1917 1917 2991 2991 2573 2573 19 19 3911 3911 872 872 2863 2863 929 929 839 839 3893 3893 2178 2178 3822 3822 378 378 1178 1178 2599 2599 3416 3416 2961 2961 611 611 3113 3113 2597 2597 2586 2586 161 161 1429 1429 742 742 1625 1625 1187 1187 1787 1787 22 22 3640 3640 3756 3756 776 776 1724 1724 198 198 3950 3950 
70 42 2 45 26 61 76 46 62 48 5 89 18 74 96 55 79 30 88 7 71 20 73 10 31 90 59 34 85 11 19 56 6 82 54 33 84 67 72 24 86 22 97 44 14 16 58 35 98 37 23 83 9 92 27 66 68 81 94 12 75 32 36 4 95 77 51 29 38 49 43 1 63 39 53 41 52 78 17 93 87 21 15 69 65 64 25 3 91 0 57 60 80 50 8 28 13 47 99 40 70 
kroA150.tsp
150
1380 1380 2848 2848 3510 3510 457 457 3888 3888 984 984 2721 2721 1286 1286 2716 2716 738 738 1251 1251 2728 2728 3815 3815 3683 3683 1247 1247 123 123 1234 1234 252 252 611 611 2576 2576 928 928 53 53 1807 1807 274 274 2574 2574 178 178 2678 2678 1795 1795 3384 3384 3520 3520 1256 1256 1424 1424 3913 3913 3085 3085 2573 2573 463 463 3875 3875 298 298 3479 3479 2542 2542 3955 3955 1323 1323 3447 3447 2936 2936 1621 1621 3373 3373 1393 1393 3874 3874 938 938 3022 3022 2482 2482 3854 3854 376 376 2519 2519 2945 2945 953 953 2628 2628 2097 2097 890 890 2139 2139 2421 2421 2290 2290 1115 1115 2588 2588 327 327 241 241 1917 1917 2991 2991 2573 2573 19 19 3911 3911 872 872 2863 2863 929 929 839 839 3893 3893 2178 2178 3822 3822 378 378 1178 1178 2599 2599 3416 3416 2961 2961 611 611 3113 3113 2597 2597 2586 2586 161 161 1429 1429 742 742 1625 1625 1187 1187 1787 1787 22 22 3640 3640 3756 3756 776 776 1724 1724 198 198 3950 3950 3477 3477 91 91 3972 3972 198 198 1806 1806 538 538 3430 3430 2186 2186 1513 1513 2143 2143 53 53 3404 3404 1034 1034 2823 2823 3104 3104 3232 3232 2790 2790 374 374 741 741 3083 3083 3502 3502 1280 1280 3326 3326 217 217 2503 2503 3527 3527 739 739 3548 3548 48 48 1419 1419 1689 1689 3468 3468 1628 1628 382 382 3029 3029 3646 3646 285 285 1782 1782 1067 1067 2849 2849 920 920 1741 1741 876 876 2753 2753 2609 2609 3941 3941 3613 3613 1754 1754 2916 2916 2445 2445 
106 95 146 36 4 145 102 32 75 12 115 49 68 66 104 141 147 7 91 0 130 19 85 26 119 114 148 11 34 97 105 136 15 21 93 87 83 71 20 58 73 35 37 23 17 78 52 96 142 118 117 65 3 138 92 134 13 40 70 99 47 51 77 38 120 33 54 82 56 6 8 144 86 50 124 57 27 107 60 24 80 113 63 39 132 88 121 41 31 14 16 133 69 128 25 123 64 18 89 112 46 108 44 22 59 61 149 76 109 90 62 5 48 74 55 79 30 137 53 143 1 81 125 94 43 129 9 103 110 101 98 126 140 10 116 139 67 72 84 100 111 131 135 2 127 42 122 45 28 29 106 
kroA200.tsp
200
1357 1357 2650 2650 1774 1774 1307 1307 3806 3806 2687 2687 43 43 3092 3092 185 185 834 834 40 40 1183 1183 2048 2048 1097 1097 1838 1838 234 234 3314 3314 737 737 779 779 2312 2312 2576 2576 3078 3078 2781 2781 705 705 3409 3409 323 323 1660 1660 3729 3729 693 693 2361 2361 2433 2433 554 554 913 913 3586 3586 2636 2636 1000 1000 482 482 3704 3704 3635 3635 1362 1362 2049 2049 2552 2552 3939 3939 219 219 812 812 901 901 2513 2513 242 242 826 826 3278 3278 86 86 14 14 1327 1327 2773 2773 2469 2469 3835 3835 1031 1031 3853 3853 1868 1868 1544 1544 457 457 3174 3174 192 192 2318 2318 2232 2232 396 396 2365 2365 2499 2499 1410 1410 2990 2990 3646 3646 3394 3394 1779 1779 1058 1058 2933 2933 3099 3099 2178 2178 138 138 2082 2082 2302 2302 805 805 22 22 3213 3213 99 99 1533 1533 3564 3564 29 29 3808 3808 2221 2221 3499 3499 3124 3124 781 781 1027 1027 3249 3249 3297 3297 213 213 721 721 3736 3736 868 868 960 960 1380 1380 2848 2848 3510 3510 457 457 3888 3888 984 984 2721 2721 1286 1286 2716 2716 738 738 1251 1251 2728 2728 3815 3815 3683 3683 1247 1247 123 123 1234 1234 252 252 611 611 2576 2576 928 928 53 53 1807 1807 274 274 2574 2574 178 178 2678 2678 1795 1795 3384 3384 3520 3520 1256 1256 1424 1424 3913 3913 3085 3085 2573 2573 463 463 3875 3875 298 298 3479 3479 2542 2542 3955 3955 1323 1323 3447 3447 2936 2936 1621 1621 3373 3373 1393 1393 3874 3874 938 938 3022 3022 2482 2482 3854 3854 376 376 2519 2519 2945 2945 953 953 2628 2628 2097 2097 890 890 2139 2139 2421 2421 2290 2290 1115 1115 2588 2588 327 327 241 241 1917 1917 2991 2991 2573 2573 19 19 3911 3911 872 872 2863 2863 929 929 839 839 3893 3893 2178 2178 3822 3822 378 378 1178 1178 2599 2599 3416 3416 2961 2961 611 611 3113 3113 2597 2597 2586 2586 161 161 1429 1429 742 742 1625 1625 1187 1187 1787 1787 22 22 3640 3640 3756 3756 776 776 1724 1724 198 198 3950 3950 
175 136 42 112 194 181 75 69 192 190 84 0 52 144 30 46 186 172 149 90 93 94 53 156 106 5 124 1 22 143 101 153 20 88 40 58 72 130 179 35 56 68 166 150 111 126 185 21 102 113 128 76 100 162 92 148 48 135 60 123 117 15 43 62 81 77 8 31 158 114 116 110 105 98 9 174 191 127 157 79 160 61 82 180 163 139 34 74 154 182 16 142 89 24 33 57 140 170 199 97 145 108 64 119 66 63 19 161 54 41 134 7 38 37 70 55 151 177 4 85 184 59 18 137 25 6 198 11 39 131 122 133 129 71 167 29 196 80 44 96 164 86 125 95 165 47 91 26 78 159 176 12 14 197 146 3 13 107 141 73 103 10 51 83 169 115 187 178 189 17 109 183 28 45 171 173 120 23 36 50 193 121 152 65 118 32 99 155 188 2 67 168 49 138 87 147 27 195 104 132 175 
kroB100.tsp
100
3140 3140 556 556 3675 3675 1182 1182 3595 3595 962 962 2030 2030 3507 3507 2642 2642 3438 3438 3858 3858 2937 2937 376 376 839 839 706 706 749 749 298 298 694 694 387 387 2801 2801 3133 3133 1517 1517 1538 1538 844 844 2639 2639 3123 3123 2489 2489 3834 3834 3417 3417 2938 2938 71 71 3245 3245 731 731 2312 2312 2426 2426 380 380 2310 2310 2830 2830 3829 3829 3684 3684 171 171 627 627 1490 1490 61 61 422 422 2698 2698 2372 2372 177 177 3084 3084 1213 1213 3 3 1782 1782 3896 3896 1829 1829 1286 1286 3017 3017 2132 2132 2000 2000 3317 3317 1729 1729 2408 2408 3292 3292 193 193 782 782 2503 2503 1697 1697 3821 3821 3370 3370 3162 3162 3938 3938 2741 2741 2330 2330 3918 3918 1794 1794 2929 2929 3453 3453 896 896 399 399 2614 2614 2800 2800 2630 2630 563 563 1090 1090 2009 2009 3876 3876 3084 3084 1526 1526 1612 1612 1423 1423 3058 3058 3782 3782 347 347 3904 3904 2191 2191 3220 3220 468 468 3611 3611 3114 3114 3515 3515 3060 3060 
80 55 99 25 68 61 4 66 39 38 69 52 72 84 27 90 96 23 95 91 18 43 40 30 47 50 14 32 5 33 8 24 45 37 79 19 29 74 78 64 54 76 15 1 41 13 88 42 51 53 36 20 9 67 48 85 71 57 6 83 70 31 28 7 98 75 58 97 11 56 49 17 44 35 16 77 12 62 81 63 82 3 60 34 93 73 65 86 59 26 0 94 10 92 2 89 87 21 22 46 80 
kroB150.tsp
150
1357 1357 2650 2650 1774 1774 1307 1307 3806 3806 2687 2687 43 43 3092 3092 185 185 834 834 40 40 1183 1183 2048 2048 1097 1097 1838 1838 234 234 3314 3314 737 737 779 779 2312 2312 2576 2576 3078 3078 2781 2781 705 705 3409 3409 323 323 1660 1660 3729 3729 693 693 2361 2361 2433 2433 554 554 913 913 3586 3586 2636 2636 1000 1000 482 482 3704 3704 3635 3635 1362 1362 2049 2049 2552 2552 3939 3939 219 219 812 812 901 901 2513 2513 242 242 826 826 3278 3278 86 86 14 14 1327 1327 2773 2773 2469 2469 3835 3835 1031 1031 3853 3853 1868 1868 1544 1544 457 457 3174 3174 192 192 2318 2318 2232 2232 396 396 2365 2365 2499 2499 1410 1410 2990 2990 3646 3646 3394 3394 1779 1779 1058 1058 2933 2933 3099 3099 2178 2178 138 138 2082 2082 2302 2302 805 805 22 22 3213 3213 99 99 1533 1533 3564 3564 29 29 3808 3808 2221 2221 3499 3499 3124 3124 781 781 1027 1027 3249 3249 3297 3297 213 213 721 721 3736 3736 868 868 960 960 3825 3825 2779 2779 201 201 2502 2502 765 765 3105 3105 1937 1937 3364 3364 3702 3702 2164 2164 3019 3019 3098 3098 3239 3239 3359 3359 2081 2081 1398 1398 618 618 1878 1878 3803 3803 397 397 3035 3035 2502 2502 3230 3230 3479 3479 958 958 3423 3423 78 78 96 96 3431 3431 2053 2053 3048 3048 571 571 3393 3393 2835 2835 144 144 923 923 989 989 3061 3061 2977 2977 1668 1668 878 878 678 678 1086 1086 640 640 3551 3551 106 106 2243 2243 3796 3796 2643 2643 48 48 
30 46 66 109 19 63 54 41 7 111 108 97 57 144 113 21 78 12 106 69 120 110 130 138 121 117 72 2 58 88 101 90 122 93 132 85 42 4 118 55 100 70 67 140 86 149 95 143 96 135 68 37 27 38 87 147 107 112 133 53 5 148 103 29 40 139 59 115 84 0 52 136 45 141 28 17 48 15 126 50 134 145 8 60 36 119 62 43 83 10 51 80 44 32 47 102 127 65 91 9 35 99 73 56 13 3 76 79 74 105 16 24 89 33 125 49 75 128 94 71 123 82 61 137 14 26 39 11 92 142 98 18 104 131 23 116 31 25 77 81 6 124 114 20 22 34 1 146 129 64 30 
kroB200.tsp
200
3140 3140 556 556 3675 3675 1182 1182 3595 3595 962 962 2030 2030 3507 3507 2642 2642 3438 3438 3858 3858 2937 2937 376 376 839 839 706 706 749 749 298 298 694 694 387 387 2801 2801 3133 3133 1517 1517 1538 1538 844 844 2639 2639 3123 3123 2489 2489 3834 3834 3417 3417 2938 2938 71 71 3245 3245 731 731 2312 2312 2426 2426 380 380 2310 2310 2830 2830 3829 3829 3684 3684 171 171 627 627 1490 1490 61 61 422 422 2698 2698 2372 2372 177 177 3084 3084 1213 1213 3 3 1782 1782 3896 3896 1829 1829 1286 1286 3017 3017 2132 2132 2000 2000 3317 3317 1729 1729 2408 2408 3292 3292 193 193 782 782 2503 2503 1697 1697 3821 3821 3370 3370 3162 3162 3938 3938 2741 2741 2330 2330 3918 3918 1794 1794 2929 2929 3453 3453 896 896 399 399 2614 2614 2800 2800 2630 2630 563 563 1090 1090 2009 2009 3876 3876 3084 3084 1526 1526 1612 1612 1423 1423 3058 3058 3782 3782 347 347 3904 3904 2191 2191 3220 3220 468 468 3611 3611 3114 3114 3515 3515 3060 3060 2995 2995 202 202 981 981 1346 1346 781 781 1009 1009 2927 2927 2982 2982 555 555 464 464 3452 3452 571 571 2656 2656 1623 1623 2067 2067 1725 1725 3600 3600 1109 1109 366 366 778 778 386 386 3918 3918 3332 3332 2597 2597 811 811 241 241 2658 2658 394 394 3786 3786 264 264 2050 2050 3538 3538 1646 1646 2993 2993 547 547 3373 3373 460 460 3060 3060 1828 1828 1021 1021 2347 2347 3535 3535 1529 1529 1203 1203 1787 1787 2740 2740 555 555 47 47 3935 3935 3062 3062 387 387 2901 2901 931 931 1766 1766 401 401 149 149 2214 2214 3805 3805 1179 1179 1017 1017 2834 2834 634 634 1819 1819 1393 1393 1768 1768 3023 3023 3248 3248 1632 1632 2223 2223 3868 3868 1541 1541 2374 2374 1962 1962 3007 3007 3220 3220 2356 2356 1604 1604 2028 2028 2581 2581 2221 2221 2944 2944 1082 1082 997 997 2334 2334 1264 1264 1699 1699 235 235 2592 2592 3642 3642 3599 3599 1766 1766 240 240 1272 1272 3503 3503 80 80 1677 1677 3766 3766 3946 3946 1994 1994 278 278 
151 19 74 149 100 187 22 152 161 101 147 191 30 47 120 81 63 13 82 173 94 2 10 157 7 98 28 58 106 60 3 111 127 50 155 194 109 41 119 88 168 24 8 45 89 0 97 31 135 75 96 27 90 128 92 141 122 48 137 133 180 29 79 123 172 138 117 124 32 146 14 5 181 6 57 83 51 115 184 114 71 37 85 189 193 4 131 61 25 55 112 163 108 1 16 40 118 35 44 76 182 105 139 158 49 142 170 87 183 165 67 188 52 169 69 148 39 99 80 178 78 140 36 162 53 190 153 176 134 150 18 136 192 21 46 64 126 68 72 84 121 20 15 154 62 186 125 12 77 17 23 159 143 103 54 42 195 185 59 65 144 130 171 174 166 11 160 129 43 199 91 95 104 102 86 177 93 179 175 70 110 116 196 66 197 38 9 107 145 33 56 73 164 113 167 132 198 156 34 26 151 
kroC100.tsp
100
1357 1357 2650 2650 1774 1774 1307 1307 3806 3806 2687 2687 43 43 3092 3092 185 185 834 834 40 40 1183 1183 2048 2048 1097 1097 1838 1838 234 234 3314 3314 737 737 779 779 2312 2312 2576 2576 3078 3078 2781 2781 705 705 3409 3409 323 323 1660 1660 3729 3729 693 693 2361 2361 2433 2433 554 554 913 913 3586 3586 2636 2636 1000 1000 482 482 3704 3704 3635 3635 1362 1362 2049 2049 2552 2552 3939 3939 219 219 812 812 901 901 2513 2513 242 242 826 826 3278 3278 86 86 14 14 1327 1327 2773 2773 2469 2469 3835 3835 1031 1031 3853 3853 1868 1868 1544 1544 457 457 3174 3174 192 192 2318 2318 2232 2232 396 396 2365 2365 2499 2499 1410 1410 2990 2990 3646 3646 3394 3394 1779 1779 1058 1058 2933 2933 3099 3099 2178 2178 138 138 2082 2082 2302 2302 805 805 22 22 3213 3213 99 99 1533 1533 3564 3564 29 29 3808 3808 2221 2221 3499 3499 3124 3124 781 781 1027 1027 3249 3249 3297 3297 213 213 721 721 3736 3736 868 868 960 960 
19 41 54 66 12 14 26 11 45 23 31 60 28 48 92 68 72 69 75 90 22 20 58 2 40 88 29 67 5 46 30 64 59 3 13 35 56 73 99 80 95 83 47 43 62 15 65 18 9 32 44 91 98 17 36 25 6 81 77 8 50 51 10 86 96 61 82 71 37 27 70 55 4 42 85 93 94 49 38 87 97 57 33 89 24 16 7 21 74 53 1 34 79 76 39 0 52 84 78 63 19 
kroD100.tsp
100
2995 2995 202 202 981 981 1346 1346 781 781 1009 1009 2927 2927 2982 2982 555 555 464 464 3452 3452 571 571 2656 2656 1623 1623 2067 2067 1725 1725 3600 3600 1109 1109 366 366 778 778 386 386 3918 3918 3332 3332 2597 2597 811 811 241 241 2658 2658 394 394 3786 3786 264 264 2050 2050 3538 3538 1646 1646 2993 2993 547 547 3373 3373 460 460 3060 3060 1828 1828 1021 1021 2347 2347 3535 3535 1529 1529 1203 1203 1787 1787 2740 2740 555 555 47 47 3935 3935 3062 3062 387 387 2901 2901 931 931 1766 1766 401 401 149 149 2214 2214 3805 3805 1179 1179 1017 1017 2834 2834 634 634 1819 1819 1393 1393 1768 1768 3023 3023 3248 3248 1632 1632 2223 2223 3868 3868 1541 1541 2374 2374 1962 1962 3007 3007 3220 3220 2356 2356 1604 1604 2028 2028 2581 2581 2221 2221 2944 2944 1082 1082 997 997 2334 2334 1264 1264 1699 1699 235 235 2592 2592 3642 3642 3599 3599 1766 1766 240 240 1272 1272 3503 3503 80 80 1677 1677 3766 3766 3946 3946 1994 1994 278 278 
35 28 57 21 41 22 7 75 77 67 13 32 11 27 46 20 24 19 81 44 98 30 56 71 60 73 45 68 62 84 58 63 14 83 26 93 31 96 97 48 69 88 33 80 17 55 94 8 5 38 72 40 23 51 65 37 10 16 89 49 0 12 78 87 70 92 34 29 99 1 50 36 61 52 4 2 82 39 54 9 86 25 91 47 18 59 43 3 42 90 53 76 15 95 85 64 79 6 74 66 35 
kroE100.tsp
100
3477 3477 91 91 3972 3972 198 198 1806 1806 538 538 3430 3430 2186 2186 1513 1513 2143 2143 53 53 3404 3404 1034 1034 2823 2823 3104 3104 3232 3232 2790 2790 374 374 741 741 3083 3083 3502 3502 1280 1280 3326 3326 217 217 2503 2503 3527 3527 739 739 3548 3548 48 48 1419 1419 1689 1689 3468 3468 1628 1628 382 382 3029 3029 3646 3646 285 285 1782 1782 1067 1067 2849 2849 920 920 1741 1741 876 876 2753 2753 2609 2609 3941 3941 3613 3613 1754 1754 2916 2916 2445 2445 3825 3825 2779 2779 201 201 2502 2502 765 765 3105 3105 1937 1937 3364 3364 3702 3702 2164 2164 3019 3019 3098 3098 3239 3239 3359 3359 2081 2081 1398 1398 618 618 1878 1878 3803 3803 397 397 3035 3035 2502 2502 3230 3230 3479 3479 958 958 3423 3423 78 78 96 96 3431 3431 2053 2053 3048 3048 571 571 3393 3393 2835 2835 144 144 923 923 989 989 3061 3061 2977 2977 1668 1668 878 878 678 678 1086 1086 640 640 3551 3551 106 106 2243 2243 3796 3796 2643 2643 48 48 
76 52 77 99 28 23 17 93 18 34 87 75 6 20 0 68 2 45 46 72 15 78 25 80 88 70 60 51 13 43 71 47 89 65 12 5 36 33 54 90 92 29 37 67 4 64 56 79 48 14 19 55 59 86 66 1 10 3 81 26 40 30 96 53 39 98 44 24 7 41 38 85 42 21 32 82 73 50 97 58 35 27 94 22 63 57 31 11 62 61 83 16 49 9 8 74 91 69 84 95 76 
lin105.tsp
105
63 63 94 94 142 142 173 173 205 205 213 213 244 244 276 276 283 283 362 362 394 394 449 449 480 480 512 512 528 528 583 583 591 591 638 638 638 638 638 638 638 638 669 669 677 677 677 677 677 677 709 709 709 709 709 709 701 701 764 764 811 811 843 843 858 858 890 890 921 921 992 992 1000 1000 1197 1197 1228 1228 1276 1276 1299 1299 1307 1307 1362 1362 1362 1362 1362 1362 1425 1425 1425 1425 1425 1425 1417 1417 1488 1488 1488 1488 1488 1488 1551 1551 1551 1551 1551 1551 1614 1614 1614 1614 1614 1614 1732 1732 1811 1811 1843 1843 1913 1913 1921 1921 2087 2087 2118 2118 2150 2150 2189 2189 2220 2220 2220 2220 2228 2228 2244 2244 2276 2276 2276 2276 2276 2276 2315 2315 2315 2315 2315 2315 2331 2331 2346 2346 2346 2346 2346 2346 2362 2362 2402 2402 2402 2402 2480 2480 2496 2496 2528 2528 2559 2559 2630 2630 2638 2638 2756 2756 2787 2787 2803 2803 2835 2835 2866 2866 2906 2906 2937 2937 2937 2937 2945 2945 3016 3016 3055 3055 3087 3087 606 606 1165 1165 1780 1780 
64 65 92 95 91 84 83 75 79 68 62 61 56 53 50 46 43 40 33 13 4 3 12 41 51 104 63 71 76 78 85 88 89 87 86 93 99 94 98 97 101 100 96 90 58 49 44 26 23 22 27 29 30 31 39 47 54 55 48 103 32 102 10 9 6 1 0 5 14 20 21 28 36 38 37 34 24 17 15 18 19 11 2 7 8 16 25 35 42 45 52 57 66 67 70 77 81 82 72 73 74 80 69 60 59 64 
pr107.tsp
107
8375 8375 8775 8775 8375 8375 8175 8175 8775 8775 8575 8575 8775 8775 8375 8375 8775 8775 8575 8575 8375 8375 8175 8175 8375 8375 8775 8775 8375 8375 8175 8175 8775 8775 8575 8575 8375 8375 8775 8775 8375 8375 8175 8175 8775 8775 8575 8575 8375 8375 8775 8775 8375 8375 8175 8175 8775 8775 8575 8575 8375 8375 8775 8775 8375 8375 8175 8175 8775 8775 8575 8575 8375 8375 8775 8775 8375 8375 8175 8175 8775 8775 8575 8575 8375 8375 8775 8775 8375 8375 8175 8175 8775 8775 8575 8575 8375 8375 8775 8775 8375 8375 8175 8175 8775 8775 8575 8575 15825 15825 15825 15825 15825 15825 15825 15825 15825 15825 15825 15825 15825 15825 15825 15825 15825 15825 16025 16025 16425 16425 16025 16025 16225 16225 16425 16425 16425 16425 16025 16025 16225 16225 16425 16425 16025 16025 16025 16025 16425 16425 16025 16025 16225 16225 16425 16425 16025 16025 16425 16425 16025 16025 16225 16225 16425 16425 16025 16025 16425 16425 16025 16025 16225 16225 16425 16425 16025 16025 16425 16425 16025 16025 16225 16225 16425 16425 16025 16025 16425 16425 16025 16025 16225 16225 16425 16425 16025 16025 16425 16425 16025 16025 16225 16225 16425 16425 16025 16025 16425 16425 16025 16025 16225 16225 
59 80 83 58 34 32 35 31 55 98 101 102 99 94 82 74 71 70 68 64 67 69 72 73 93 100 104 106 103 105 54 13 8 9 7 10 11 12 17 14 18 20 23 22 78 81 79 77 76 75 60 40 38 39 36 37 61 62 65 66 63 16 19 56 95 96 97 87 84 86 85 25 26 27 29 28 88 89 92 91 90 57 49 52 53 50 51 48 45 42 44 47 46 43 41 33 30 24 21 15 3 5 2 0 1 4 6 59 
pr124.tsp
124
4475 4475 4475 4475 4475 4475 4475 4475 5450 5450 5475 5475 5475 5475 4575 4575 5425 5425 5425 5425 5425 5425 5425 5425 5425 5425 6000 6000 6375 6375 6000 6000 6375 6375 6475 6475 6475 6475 6475 6475 6475 6475 6100 6100 6350 6350 6350 6350 6100 6100 6550 6550 5775 5775 6075 6075 6375 6375 6375 6375 6075 6075 5775 5775 6975 6975 6675 6675 6675 6675 6875 6875 6850 6850 6600 6600 6600 6600 6850 6850 7100 7100 7100 7100 7100 7100 7100 7100 7100 7100 6925 6925 6925 6925 6925 6925 6925 6925 6925 6925 6925 6925 7700 7700 7850 7850 7700 7700 7750 7750 8125 8125 8500 8500 8500 8500 7600 7600 8350 8350 7975 7975 8350 8350 9375 9375 9531 9531 9475 9475 9275 9275 10375 10375 9687 9687 9843 9843 9999 9999 10155 10155 10311 10311 10467 10467 10623 10623 10779 10779 10935 10935 11091 11091 11247 11247 11403 11403 11559 11559 11175 11175 11275 11275 10650 10650 11275 11275 11125 11125 11025 11025 11000 11000 11000 11000 11650 11650 11725 11725 12500 12500 11715 11715 11871 11871 12027 12027 12183 12183 12339 12339 12495 12495 12651 12651 12807 12807 12963 12963 13325 13325 13100 13100 12825 12825 12850 12850 13585 13585 13585 13585 13585 13585 13585 13585 13585 13585 13585 13585 13585 13585 13585 13585 13585 13585 13585 13585 13585 13585 13585 13585 13585 13585 13585 13585 13585 13585 13585 13585 13585 13585 13585 13585 13585 13585 13585 13585 
93 79 76 65 1 0 7 24 22 21 23 25 27 26 6 5 31 30 63 72 71 70 69 67 62 4 3 2 68 73 74 77 78 75 64 61 32 33 29 28 34 35 55 56 52 51 45 46 47 48 49 50 14 13 11 12 10 8 9 15 16 17 18 43 42 85 86 89 101 100 90 84 57 60 59 102 112 111 109 110 108 107 88 41 40 38 36 37 58 96 97 98 99 123 122 121 120 119 118 117 116 115 114 113 106 104 105 103 87 53 44 19 20 39 54 66 82 83 81 80 91 92 95 94 93 
pr136.tsp
136
5300 5300 7275 7275 12450 12450 14425 14425 4118 4118 4743 4743 5935 5935 6560 6560 11268 11268 11893 11893 13085 13085 13710 13710 14425 14425 12450 12450 10250 10250 7275 7275 5300 5300 3100 3100 5300 5300 7275 7275 12450 12450 14425 14425 13710 13710 13085 13085 11893 11893 11268 11268 6560 6560 5935 5935 4743 4743 4118 4118 5300 5300 7275 7275 12450 12450 14425 14425 14425 14425 12450 12450 7275 7275 5300 5300 4118 4118 4743 4743 5935 5935 6560 6560 11268 11268 11893 11893 13085 13085 13710 13710 14425 14425 12450 12450 10250 10250 7275 7275 5300 5300 3100 3100 5300 5300 7275 7275 12450 12450 14425 14425 13710 13710 13085 13085 11893 11893 11268 11268 6560 6560 5935 5935 4743 4743 4118 4118 5300 5300 7275 7275 12450 12450 14425 14425 14425 14425 12450 12450 7275 7275 5300 5300 4118 4118 4743 4743 5935 5935 6560 6560 11268 11268 11893 11893 13085 13085 13710 13710 14425 14425 12450 12450 7275 7275 5300 5300 3100 3100 5300 5300 7275 7275 10250 10250 12450 12450 14425 14425 13710 13710 13085 13085 11893 11893 11268 11268 6560 6560 5935 5935 4743 4743 4118 4118 5300 5300 7275 7275 12450 12450 14425 14425 14425 14425 12450 12450 7275 7275 5300 5300 4118 4118 4743 4743 5935 5935 6560 6560 11268 11268 11893 11893 13085 13085 13710 13710 14425 14425 12450 12450 7275 7275 5300 5300 3100 3100 5300 5300 7275 7275 10250 10250 12450 12450 14425 14425 13710 13710 13085 13085 11893 11893 11268 11268 6560 6560 5935 5935 4743 4743 4118 4118 14425 14425 12450 12450 7275 7275 5300 5300 
18 16 0 6 26 7 1 15 19 48 81 88 69 77 76 87 82 94 95 85 83 96 98 105 128 134 127 121 116 120 109 129 135 119 117 108 104 99 86 70 65 41 40 37 30 27 5 4 17 51 63 62 74 93 90 89 80 102 112 113 91 78 45 22 11 10 2 20 32 35 58 66 54 44 46 34 12 3 21 33 55 67 56 57 43 42 59 49 53 61 64 71 73 97 107 130 131 118 106 84 72 60 36 31 14 8 25 24 9 13 23 47 79 68 101 114 123 132 124 125 115 103 100 92 111 122 133 126 110 75 50 52 39 38 29 28 18 
pr144.tsp
144
4350 4350 4500 4500 4300 4300 4300 4300 4300 4300 4300 4300 4350 4350 4500 4500 4300 4300 4300 4300 4300 4300 4300 4300 4950 4950 5150 5150 5525 5525 5525 5525 5525 5525 5525 5525 4950 4950 5250 5250 5550 5550 4950 4950 5150 5150 5525 5525 5525 5525 5525 5525 5525 5525 4950 4950 5250 5250 5550 5550 5875 5875 5875 5875 5875 5875 5875 5875 5675 5675 5675 5675 5875 5875 5875 5875 5875 5875 5875 5875 5675 5675 5675 5675 8125 8125 8225 8225 8325 8325 8125 8125 8225 8225 8325 8325 8675 8675 8675 8675 8675 8675 8675 8675 8675 8675 8675 8675 8675 8675 8675 8675 8675 8675 8675 8675 8425 8425 8525 8525 8675 8675 8675 8675 8675 8675 8675 8675 8675 8675 8675 8675 8675 8675 8675 8675 8675 8675 8675 8675 8425 8425 8525 8525 10850 10850 10850 10850 10850 10850 10850 10850 10900 10900 11050 11050 10850 10850 10850 10850 10850 10850 10850 10850 10900 10900 11050 11050 11500 11500 11800 11800 11500 11500 11700 11700 11500 11500 11800 11800 11500 11500 11700 11700 12075 12075 12075 12075 12225 12225 12225 12225 12075 12075 12075 12075 12100 12100 12425 12425 12425 12425 12425 12425 12425 12425 12075 12075 12075 12075 12225 12225 12225 12225 12075 12075 12075 12075 12100 12100 12425 12425 12425 12425 12425 12425 12425 12425 14675 14675 14675 14675 14775 14775 14875 14875 14975 14975 15075 15075 15225 15225 15225 15225 15225 15225 15225 15225 15225 15225 15225 15225 15225 15225 15225 15225 15225 15225 15225 15225 14775 14775 14875 14875 14975 14975 15075 15075 15225 15225 15225 15225 15225 15225 15225 15225 15225 15225 15225 15225 15225 15225 15225 15225 15225 15225 15225 15225 
98 89 88 77 76 61 35 25 26 29 28 34 57 56 55 60 69 43 42 11 10 9 8 3 4 5 12 13 44 92 93 94 119 118 117 116 115 86 30 31 32 33 36 37 39 20 17 16 41 15 14 40 45 46 47 59 58 19 6 7 18 54 53 50 52 51 48 49 113 112 111 110 85 109 104 103 101 100 129 128 127 126 125 124 123 121 122 120 91 90 72 73 74 75 99 102 131 133 134 135 87 71 70 38 22 21 23 63 62 64 66 67 68 65 24 2 0 1 27 78 79 80 81 82 83 84 108 107 130 114 105 106 140 143 142 141 139 138 137 136 132 95 96 97 98 
pr152.tsp
152
2100 2100 2100 2100 2100 2100 2100 2100 2100 2100 2100 2100 2100 2100 2100 2100 2348 2348 2350 2350 2348 2348 2350 2350 2348 2348 2350 2350 2348 2348 2350 2350 2625 2625 2775 2775 2625 2625 2634 2634 2607 2607 2625 2625 2775 2775 2625 2625 2607 2607 2634 2634 2625 2625 2775 2775 2625 2625 2607 2607 2634 2634 2625 2625 2775 2775 2625 2625 2634 2634 2607 2607 2825 2825 2825 2825 2825 2825 2825 2825 8349 8349 8353 8353 8349 8349 8353 8353 8349 8349 8353 8353 8349 8349 8353 8353 8474 8474 8576 8576 8575 8575 8474 8474 8576 8576 8575 8575 8474 8474 8576 8576 8575 8575 8474 8474 8576 8576 8575 8575 8625 8625 8675 8675 8675 8675 8669 8669 8625 8625 8675 8675 8675 8675 8669 8669 8625 8625 8675 8675 8675 8675 8669 8669 8625 8625 8675 8675 8675 8675 8669 8669 9250 9250 9250 9250 9250 9250 9250 9250 9250 9250 9250 9250 9250 9250 9250 9250 9498 9498 9500 9500 9498 9498 9500 9500 9498 9498 9500 9500 9498 9498 9500 9500 9784 9784 9757 9757 9775 9775 9775 9775 9784 9784 9757 9757 9775 9775 9775 9775 9784 9784 9757 9757 9775 9775 9775 9775 9784 9784 9757 9757 9775 9775 9775 9775 9925 9925 9975 9975 9925 9925 9975 9975 9925 9925 9975 9975 9925 9925 9975 9975 15499 15499 15503 15503 15499 15499 15503 15503 15499 15499 15503 15503 15499 15499 15503 15503 15624 15624 15726 15726 15775 15775 15725 15725 15624 15624 15726 15726 15775 15775 15725 15725 15624 15624 15726 15726 15775 15775 15725 15725 15624 15624 15726 15726 15775 15775 15725 15725 15825 15825 15825 15825 15819 15819 15825 15825 15825 15825 15819 15819 15825 15825 15825 15825 15819 15819 15825 15825 15825 15825 15819 15819 
112 99 88 79 89 71 90 95 147 148 146 130 131 101 102 86 85 106 105 104 135 144 145 143 134 132 91 76 73 75 49 48 47 31 13 2 14 1 32 30 29 28 57 82 141 142 118 115 94 93 92 121 128 129 120 100 87 81 103 110 111 133 119 122 127 150 126 114 78 69 68 53 70 51 45 50 72 74 46 34 35 0 15 33 36 77 52 44 54 43 25 23 24 11 4 12 26 27 37 3 5 38 83 84 107 108 109 116 139 138 140 137 136 117 80 67 66 55 65 20 19 6 10 21 22 42 56 64 41 58 63 61 62 60 59 40 39 17 16 8 7 9 18 98 96 97 123 124 151 149 125 113 112 
pr76.tsp
76
3600 3600 3100 3100 4700 4700 5400 5400 5608 5608 4493 4493 3600 3600 3100 3100 4700 4700 5400 5400 5610 5610 4492 4492 3600 3600 3100 3100 4700 4700 5400 5400 6650 6650 7300 7300 7300 7300 6650 6650 7300 7300 6650 6650 5400 5400 8350 8350 7850 7850 9450 9450 10150 10150 10358 10358 9243 9243 8350 8350 7850 7850 9450 9450 10150 10150 10360 10360 9242 9242 8350 8350 7850 7850 9450 9450 10150 10150 11400 11400 12050 12050 12050 12050 11400 11400 12050 12050 11400 11400 10150 10150 13100 13100 12600 12600 14200 14200 14900 14900 15108 15108 13993 13993 13100 13100 12600 12600 14200 14200 14900 14900 15110 15110 13992 13992 13100 13100 12600 12600 14200 14200 14900 14900 16150 16150 16800 16800 16800 16800 16150 16150 16800 16800 16150 16150 14900 14900 19800 19800 19800 19800 19800 19800 19800 19800 200 200 200 200 200 200 
22 2 3 19 18 30 29 28 27 53 52 51 50 64 65 49 48 66 69 67 68 46 47 43 44 45 4 9 8 11 12 13 73 14 15 17 35 34 31 32 5 1 0 75 74 6 7 10 16 36 37 38 33 39 40 59 58 57 60 61 62 72 71 70 63 56 55 54 41 42 26 25 24 20 23 21 22 
rat195.tsp
195
3 3 17 17 23 23 34 34 47 47 54 54 66 66 75 75 86 86 94 94 107 107 115 115 123 123 3 3 15 15 26 26 33 33 42 42 53 53 64 64 74 74 85 85 95 95 104 104 113 113 125 125 3 3 15 15 26 26 36 36 48 48 54 54 64 64 75 75 88 88 98 98 103 103 115 115 127 127 6 6 15 15 27 27 36 36 47 47 54 54 66 66 74 74 85 85 94 94 107 107 117 117 125 125 6 6 13 13 25 25 37 37 47 47 53 53 63 63 77 77 83 83 94 94 103 103 115 115 123 123 7 7 15 15 24 24 36 36 43 43 56 56 64 64 73 73 86 86 98 98 104 104 117 117 126 126 6 6 17 17 27 27 35 35 44 44 54 54 63 63 77 77 82 82 96 96 103 103 116 116 126 126 7 7 16 16 24 24 35 35 45 45 55 55 63 63 75 75 87 87 93 93 104 104 117 117 127 127 3 3 16 16 25 25 35 35 44 44 53 53 64 64 76 76 87 87 95 95 106 106 114 114 125 125 3 3 16 16 25 25 37 37 44 44 54 54 66 66 77 77 85 85 93 93 106 106 113 113 125 125 5 5 15 15 24 24 33 33 43 43 53 53 64 64 74 74 84 84 94 94 104 104 115 115 127 127 6 6 13 13 26 26 34 34 43 43 55 55 67 67 75 75 87 87 95 95 105 105 117 117 127 127 6 6 15 15 26 26 33 33 47 47 58 58 65 65 73 73 87 87 94 94 104 104 113 113 125 125 5 5 16 16 24 24 37 37 45 45 54 54 67 67 74 74 87 87 95 95 106 106 116 116 127 127 7 7 17 17 23 23 33 33 43 43 53 53 67 67 73 73 87 87 94 94 104 104 114 114 127 127 
156 143 130 118 79 53 52 40 39 26 13 14 0 1 2 16 17 32 64 77 75 88 89 86 98 110 111 126 125 124 137 150 161 162 163 164 165 166 167 179 177 176 174 160 159 158 146 134 148 136 149 151 152 138 139 153 140 142 129 116 103 90 76 34 19 15 27 54 85 99 100 113 112 123 147 172 173 187 178 168 155 154 141 128 127 115 114 102 101 87 70 69 68 55 56 57 58 59 73 60 46 33 30 29 28 3 4 5 18 20 21 36 47 45 43 67 78 65 66 42 41 44 31 6 8 7 9 10 12 11 25 37 38 51 24 23 22 35 82 133 132 119 95 93 94 83 84 61 62 48 49 50 63 74 72 71 81 80 96 97 108 109 107 120 121 122 135 175 189 191 180 181 194 193 192 190 188 186 185 184 183 182 169 170 171 145 144 131 105 106 92 91 104 117 157 156 
rat99.tsp
99
6 6 15 15 24 24 33 33 48 48 57 57 67 67 77 77 86 86 6 6 17 17 23 23 32 32 43 43 55 55 65 65 78 78 87 87 3 3 12 12 28 28 33 33 47 47 55 55 64 64 71 71 87 87 4 4 15 15 22 22 34 34 42 42 54 54 66 66 78 78 87 87 7 7 17 17 26 26 32 32 43 43 57 57 64 64 78 78 83 83 5 5 13 13 25 25 38 38 46 46 58 58 67 67 74 74 88 88 2 2 17 17 23 23 36 36 42 42 53 53 63 63 72 72 87 87 2 2 16 16 25 25 38 38 42 42 57 57 66 66 73 73 86 86 5 5 13 13 25 25 35 35 46 46 54 54 65 65 73 73 86 86 2 2 14 14 28 28 38 38 46 46 57 57 63 63 77 77 85 85 8 8 12 12 22 22 34 34 47 47 58 58 66 66 78 78 85 85 
59 49 39 47 38 37 36 28 29 22 23 25 34 35 43 44 52 51 42 33 26 17 8 7 6 15 16 53 62 71 80 77 75 83 92 82 81 90 91 93 94 85 84 76 69 70 79 78 86 95 96 97 98 89 88 87 74 72 73 63 54 45 27 9 0 1 11 10 19 18 46 56 55 64 65 66 67 68 60 61 50 40 31 30 20 21 12 2 3 13 4 5 14 24 32 41 58 57 48 59 
rd100.tsp
100
143.775 143.775 881.78 881.78 545.244 545.244 502.813 502.813 204.876 204.876 701.637 701.637 147.167 147.167 135.382 135.382 628.999 628.999 674.999 674.999 313.696 313.696 445.689 445.689 354.793 354.793 398.129 398.129 273.041 273.041 666.295 666.295 876.942 876.942 134.026 134.026 966.825 966.825 659.346 659.346 400.34 400.34 118.041 118.041 809.87 809.87 16.2821 16.2821 12.6192 12.6192 650.039 650.039 791.189 791.189 907.194 907.194 510.857 510.857 31.6366 31.6366 776.763 776.763 531.819 531.819 654.965 654.965 186.06 186.06 564.595 564.595 410.816 410.816 930.189 930.189 941.392 941.392 341.538 341.538 162.622 162.622 107.558 107.558 82.6398 82.6398 43.0137 43.0137 554.45 554.45 608.618 608.618 889.589 889.589 559.461 559.461 13.6027 13.6027 402.567 402.567 886.156 886.156 84.6462 84.6462 486.783 486.783 647.516 647.516 967.65 967.65 236.623 236.623 879.518 879.518 509.84 509.84 936.134 936.134 872.343 872.343 142.996 142.996 233.102 233.102 199.819 199.819 302.123 302.123 365.531 365.531 107.593 107.593 802.657 802.657 319.486 319.486 3.24542 3.24542 180.027 180.027 977.601 977.601 14.6301 14.6301 922.626 922.626 896.272 896.272 667.952 667.952 425.058 425.058 865.918 865.918 898.572 898.572 621.689 621.689 673.73 673.73 89.2979 89.2979 147.858 147.858 428.293 428.293 51.7499 51.7499 826.458 826.458 426.249 426.249 316.069 316.069 275.713 275.713 835.293 835.293 970.187 970.187 123.616 123.616 226.668 226.668 808.92 808.92 942.256 942.256 705.831 705.831 856.231 856.231 352.477 352.477 308.882 308.882 750.979 750.979 610.775 610.775 483.637 483.637 
52 5 97 65 30 83 87 75 92 27 55 49 45 72 16 71 69 37 53 18 36 76 58 94 93 35 80 79 21 40 6 39 54 95 38 51 46 32 91 26 78 15 43 34 28 99 10 60 4 33 41 24 42 23 29 47 50 82 67 70 7 59 0 66 85 81 3 31 8 25 73 19 77 84 11 13 86 61 17 14 96 48 20 74 2 9 57 88 1 22 44 56 12 62 68 89 64 90 63 98 52 
st70.tsp
70
64 64 80 80 69 69 72 72 48 48 58 58 81 81 79 79 30 30 42 42 7 7 29 29 78 78 64 64 95 95 57 57 40 40 68 68 92 92 62 62 28 28 76 76 67 67 93 93 6 6 87 87 30 30 77 77 78 78 55 55 82 82 73 73 20 20 27 27 95 95 67 67 48 48 75 75 8 8 20 20 54 54 63 63 44 44 52 52 12 12 25 25 58 58 5 5 90 90 41 41 25 25 37 37 56 56 10 10 98 98 16 16 89 89 48 48 81 81 29 29 17 17 5 5 79 79 9 9 17 17 74 74 10 10 48 48 83 83 84 84 
44 39 8 41 17 3 21 58 68 37 22 46 36 57 49 9 4 25 48 54 18 56 62 65 52 42 26 45 60 32 51 15 0 35 28 12 30 69 34 14 23 6 7 27 13 2 31 1 5 40 20 33 67 29 19 43 16 11 59 50 64 63 55 10 66 47 53 61 38 24 44 
ts225.tsp
225
4000 4000 4000 4000 4000 4000 4000 4000 4000 4000 4000 4000 4000 4000 4000 4000 4000 4000 4000 4000 4000 4000 4000 4000 4000 4000 4000 4000 4000 4000 4000 4000 4000 4000 4000 4000 4000 4000 4000 4000 4000 4000 4000 4000 4000 4000 4000 4000 4000 4000 7000 7000 7000 7000 7000 7000 7000 7000 7000 7000 7000 7000 7000 7000 7000 7000 7000 7000 7000 7000 7000 7000 7000 7000 7000 7000 7000 7000 7000 7000 7000 7000 7000 7000 7000 7000 7000 7000 7000 7000 7000 7000 7000 7000 7000 7000 7000 7000 7000 7000 10000 10000 10000 10000 10000 10000 10000 10000 10000 10000 10000 10000 10000 10000 10000 10000 10000 10000 10000 10000 10000 10000 10000 10000 10000 10000 10000 10000 10000 10000 10000 10000 10000 10000 10000 10000 10000 10000 10000 10000 10000 10000 10000 10000 10000 10000 10000 10000 10000 10000 13000 13000 13000 13000 13000 13000 13000 13000 13000 13000 13000 13000 13000 13000 13000 13000 13000 13000 13000 13000 13000 13000 13000 13000 13000 13000 13000 13000 13000 13000 13000 13000 13000 13000 13000 13000 13000 13000 13000 13000 13000 13000 13000 13000 13000 13000 13000 13000 13000 13000 16000 16000 16000 16000 16000 16000 16000 16000 16000 16000 16000 16000 16000 16000 16000 16000 16000 16000 16000 16000 16000 16000 16000 16000 16000 16000 16000 16000 16000 16000 16000 16000 16000 16000 16000 16000 16000 16000 16000 16000 16000 16000 16000 16000 16000 16000 16000 16000 16000 16000 4500 4500 5000 5000 5500 5500 6000 6000 6500 6500 4500 4500 5000 5000 5500 5500 6000 6000 6500 6500 4500 4500 5000 5000 5500 5500 6000 6000 6500 6500 4500 4500 5000 5000 5500 5500 6000 6000 6500 6500 4500 4500 5000 5000 5500 5500 6000 6000 6500 6500 7500 7500 8000 8000 8500 8500 9000 9000 9500 9500 7500 7500 8000 8000 8500 8500 9000 9000 9500 9500 7500 7500 8000 8000 8500 8500 9000 9000 9500 9500 7500 7500 8000 8000 8500 8500 9000 9000 9500 9500 7500 7500 8000 8000 8500 8500 9000 9000 9500 9500 10500 10500 11000 11000 11500 11500 12000 12000 12500 12500 10500 10500 11000 11000 11500 11500 12000 12000 12500 12500 10500 10500 11000 11000 11500 11500 12000 12000 12500 12500 10500 10500 11000 11000 11500 11500 12000 12000 12500 12500 10500 10500 11000 11000 11500 11500 12000 12000 12500 12500 13500 13500 14000 14000 14500 14500 15000 15000 15500 15500 13500 13500 14000 14000 14500 14500 15000 15000 15500 15500 13500 13500 14000 14000 14500 14500 15000 15000 15500 15500 13500 13500 14000 14000 14500 14500 15000 15000 15500 15500 13500 13500 14000 14000 14500 14500 15000 15000 15500 15500 
161 89 117 118 217 216 174 149 148 147 146 145 24 23 17 16 138 36 160 39 40 44 48 171 172 173 74 195 197 220 221 215 194 56 55 54 181 180 58 166 167 165 42 41 43 45 170 49 47 46 142 5 0 126 127 129 177 178 75 200 100 101 102 103 104 105 207 85 186 63 162 158 157 134 133 131 6 130 156 159 57 184 83 205 81 80 182 61 185 187 188 86 210 212 213 87 189 90 91 93 94 98 99 199 198 196 70 69 169 67 208 209 106 107 108 211 88 71 72 73 97 96 95 218 121 122 123 124 224 222 223 79 78 77 76 52 151 150 25 4 3 2 1 125 128 28 30 163 193 192 191 190 168 11 9 8 10 141 20 21 22 19 18 140 132 27 26 152 153 154 84 219 119 120 92 144 143 15 14 7 29 53 202 203 204 201 179 51 50 175 176 206 109 214 114 116 115 113 112 111 110 82 183 59 60 164 62 64 65 66 68 38 37 34 33 32 155 31 35 139 137 136 135 12 13 161 
tsp225.tsp
225
155.42 155.42 375.92 375.92 183.92 183.92 205.42 205.42 205.42 205.42 226.42 226.42 226.42 226.42 226.42 226.42 226.42 226.42 226.42 226.42 226.42 226.42 226.42 226.42 226.42 226.42 205.42 205.42 190.92 190.92 190.92 190.92 176.92 176.92 176.92 176.92 155.42 155.42 155.42 155.42 155.42 155.42 183.92 183.92 219.42 219.42 240.92 240.92 269.42 269.42 290.42 290.42 387.42 387.42 318.92 318.92 318.92 318.92 318.92 318.92 318.92 318.92 297.92 297.92 290.42 290.42 290.42 290.42 297.92 297.92 254.92 254.92 254.92 254.92 254.92 254.92 254.92 254.92 254.92 254.92 254.92 254.92 254.92 254.92 254.92 254.92 276.42 276.42 296.42 296.42 276.42 276.42 375.92 375.92 308.92 308.92 354.92 354.92 338.42 338.42 354.92 354.92 338.42 338.42 338.42 338.42 354.92 354.92 354.92 354.92 361.92 361.92 361.92 361.92 383.42 383.42 383.42 383.42 404.42 404.42 404.42 404.42 418.92 418.92 418.92 418.92 432.92 432.92 432.92 432.92 418.92 418.92 418.92 418.92 397.42 397.42 397.42 397.42 375.92 375.92 375.92 375.92 368.92 368.92 368.92 368.92 347.42 347.42 347.42 347.42 336.42 336.42 336.42 336.42 347.42 347.42 347.42 347.42 368.92 368.92 368.92 368.92 418.92 418.92 418.92 418.92 432.92 432.92 432.92 432.92 447.42 447.42 447.42 447.42 447.42 447.42 432.92 432.92 432.92 432.92 418.92 418.92 418.92 418.92 397.42 397.42 397.42 397.42 375.92 375.92 375.92 375.92 361.92 361.92 361.92 361.92 375.92 375.92 375.92 375.92 397.42 397.42 397.42 397.42 418.92 418.92 418.92 418.92 439.92 439.92 439.92 439.92 454.42 454.42 454.42 454.42 461.42 461.42 461.42 461.42 461.42 461.42 447.42 447.42 447.42 447.42 439.92 439.92 439.92 439.92 419.92 419.92 419.92 419.92 439.92 439.92 454.42 454.42 475.92 475.92 475.92 475.92 496.92 496.92 496.92 496.92 496.92 496.92 496.92 496.92 496.92 496.92 496.92 496.92 496.92 496.92 496.92 496.92 470.42 470.42 470.42 470.42 496.92 496.92 347.42 347.42 539.92 539.92 560.92 560.92 589.42 589.42 589.42 589.42 603.92 603.92 610.92 610.92 610.92 610.92 610.92 610.92 624.92 624.92 624.92 624.92 610.92 610.92 610.92 610.92 589.42 589.42 589.42 589.42 575.42 575.42 560.92 560.92 542.92 542.92 542.92 542.92 560.92 560.92 575.42 575.42 575.42 575.42 582.42 582.42 582.42 582.42 596.42 596.42 560.92 560.92 596.42 596.42 582.42 582.42 582.42 582.42 575.42 575.42 575.42 575.42 525.42 525.42 525.42 525.42 525.42 525.42 525.42 525.42 525.42 525.42 525.42 525.42 525.42 525.42 525.42 525.42 546.92 546.92 546.92 546.92 568.42 568.42 475.92 475.92 603.92 603.92 624.92 624.92 624.92 624.92 596.42 596.42 575.42 575.42 553.92 553.92 532.42 532.42 575.42 575.42 489.92 489.92 468.42 468.42 447.42 447.42 425.92 425.92 404.42 404.42 370.42 370.42 361.92 361.92 340.42 340.42 326.42 326.42 301.92 301.92 276.42 276.42 254.92 254.92 315.92 315.92 212.42 212.42 190.92 190.92 338.92 338.92 155.42 155.42 624.92 624.92 318.92 318.92 155.42 155.42 311.92 311.92 355.42 355.42 318.92 318.92 362.92 362.92 254.92 254.92 383.42 383.42 447.42 447.42 470.42 470.42 525.42 525.42 546.92 546.92 525.42 525.42 525.42 525.42 336.42 336.42 336.42 336.42 293.42 293.42 336.42 336.42 425.92 425.92 391.42 391.42 482.92 482.92 429.92 429.92 330.92 330.92 368.42 368.42 
76 27 203 29 218 215 216 201 33 32 35 207 24 25 28 95 93 83 210 128 163 161 159 155 147 167 168 171 173 178 175 172 174 117 114 113 112 62 60 59 57 206 50 54 52 73 75 30 31 39 40 198 132 46 187 116 115 222 61 67 69 71 74 97 77 205 34 12 22 23 13 15 14 11 38 37 80 220 81 84 130 129 126 125 124 106 108 107 213 150 151 153 152 154 146 145 148 149 211 123 110 58 1 48 49 47 43 42 5 4 0 199 2 197 3 196 194 45 51 56 66 64 63 109 111 120 121 122 169 170 181 183 119 184 185 26 224 188 204 190 217 192 44 18 202 19 20 21 10 9 7 6 193 186 118 180 179 177 176 144 141 140 138 139 136 162 135 131 221 102 103 101 100 89 90 91 36 16 17 8 41 53 70 72 99 98 88 127 165 164 212 133 214 134 182 137 200 142 143 156 158 160 157 166 219 68 55 223 191 195 189 65 105 104 87 86 85 209 82 92 208 94 79 96 78 76 
u159.tsp
159
3300 3300 3500 3500 3300 3300 3500 3500 3500 3500 3300 3300 3500 3500 3500 3500 3500 3500 3500 3500 3500 3500 3300 3300 3500 3500 3500 3500 3500 3500 3300 3300 3500 3500 3800 3800 3900 3900 3800 3800 3700 3700 3500 3500 3500 3500 3300 3300 3500 3500 3300 3300 3500 3500 3800 3800 4500 4500 4700 4700 4300 4300 4500 4500 5100 5100 5100 5100 5000 5000 5100 5100 5000 5000 5200 5200 5500 5500 5600 5600 5500 5500 5700 5700 5900 5900 6100 6100 6300 6300 6500 6500 6700 6700 6900 6900 7000 7000 7300 7300 7300 7300 7400 7400 7700 7700 7800 7800 7300 7300 7300 7300 7600 7600 7700 7700 8100 8100 8500 8500 8500 8500 8500 8500 8200 8200 8500 8500 8500 8500 8500 8500 8500 8500 8500 8500 8500 8500 8500 8500 8500 8500 8500 8500 8200 8200 7800 7800 7700 7700 8000 8000 8100 8100 8500 8500 8500 8500 8500 8500 8500 8500 8500 8500 8500 8500 8500 8500 8500 8500 8500 8500 8200 8200 8000 8000 7800 7800 7600 7600 7400 7400 7300 7300 7300 7300 7700 7700 8000 8000 8100 8100 8500 8500 8500 8500 8500 8500 8500 8500 8500 8500 8500 8500 8500 8500 8500 8500 8500 8500 8200 8200 7800 7800 6900 6900 6700 6700 6500 6500 6300 6300 6100 6100 5900 5900 5900 5900 6100 6100 6300 6300 6500 6500 6700 6700 6700 6700 6500 6500 6300 6300 6100 6100 5900 5900 5300 5300 4700 4700 4300 4300 4700 4700 5000 5000 5100 5100 5300 5300 5000 5000 5200 5200 5000 5000 5100 5100 5100 5100 5000 5000 4700 4700 4700 4700 4300 4300 4300 4300 4100 4100 3900 3900 3700 3700 3700 3700 3800 3800 3700 3700 3700 3700 3700 3700 3800 3800 3900 3900 3700 3700 3500 3500 3500 3500 3700 3700 3800 3800 3700 3700 3800 3800 3900 3900 3500 3500 
145 10 11 141 136 133 40 42 41 122 129 128 126 158 0 124 123 115 91 90 89 74 50 48 29 28 30 32 54 56 58 57 55 27 26 25 24 15 142 144 131 132 130 113 114 120 47 49 73 72 70 69 71 77 78 75 118 121 127 157 156 155 153 154 147 146 9 8 143 12 13 14 16 34 33 44 119 92 106 105 104 103 102 87 88 46 45 31 17 23 22 21 20 19 18 35 43 93 99 100 101 98 86 95 94 107 108 109 111 112 110 116 67 65 61 59 60 53 52 51 39 134 135 37 36 137 139 138 140 148 7 151 152 149 38 62 63 64 66 68 79 80 85 96 97 84 83 82 81 76 117 125 1 2 3 4 5 6 150 145 
